tables/tab_OH_FoV.ecsv~
# %ECSV 1.0
# ---
# datatype:
# - {name: KGAS_ID, datatype: string}
# - {name: cubename, datatype: string}
# - {name: OH_Mar13_N2, datatype: float64}
# - {name: e_OH_Mar13_N2, datatype: float64}
# - {name: OH_Mar13_O3N2, datatype: float64}
# - {name: e_OH_Mar13_O3N2, datatype: float64}
# - {name: OH_T04, datatype: float64}
# - {name: e_OH_T04, datatype: float64}
# - {name: OH_Pet04_N2_lin, datatype: float64}
# - {name: e_OH_Pet04_N2_lin, datatype: float64}
# - {name: OH_Pet04_N2_poly, datatype: float64}
# - {name: e_OH_Pet04_N2_poly, datatype: float64}
# - {name: OH_Pet04_O3N2, datatype: float64}
# - {name: e_OH_Pet04_O3N2, datatype: float64}
# - {name: OH_Kew02_N2O2, datatype: float64}
# - {name: e_OH_Kew02_N2O2, datatype: float64}
# - {name: OH_Pil10_ONS, datatype: float64}
# - {name: e_OH_Pil10_ONS, datatype: float64}
# - {name: OH_Pil10_ON, datatype: float64}
# - {name: e_OH_Pil10_ON, datatype: float64}
# - {name: OH_Pil11_NS, datatype: float64}
# - {name: e_OH_Pil11_NS, datatype: float64}
# - {name: OH_Cur20_RS32, datatype: float64}
# - {name: e_OH_Cur20_RS32, datatype: float64}
# - {name: OH_Cur20_R3, datatype: float64}
# - {name: e_OH_Cur20_R3, datatype: float64}
# - {name: OH_Cur20_O3O2, datatype: float64}
# - {name: e_OH_Cur20_O3O2, datatype: float64}
# - {name: OH_Cur20_S2, datatype: float64}
# - {name: e_OH_Cur20_S2, datatype: float64}
# - {name: OH_Cur20_R2, datatype: float64}
# - {name: e_OH_Cur20_R2, datatype: float64}
# - {name: OH_Cur20_N2, datatype: float64}
# - {name: e_OH_Cur20_N2, datatype: float64}
# - {name: OH_Cur20_R23, datatype: float64}
# - {name: e_OH_Cur20_R23, datatype: float64}
# - {name: OH_Cur20_O3N2, datatype: float64}
# - {name: e_OH_Cur20_O3N2, datatype: float64}
# - {name: OH_Cur20_O3S2, datatype: float64}
# - {name: e_OH_Cur20_O3S2, datatype: float64}
# - {name: OH_KK04, datatype: float64}
# - {name: e_OH_KK04, datatype: float64}
# - {name: OH_Pil16_R, datatype: float64}
# - {name: e_OH_Pil16_R, datatype: float64}
# - {name: OH_Pil16_S, datatype: float64}
# - {name: e_OH_Pil16_S, datatype: float64}
# - {name: OH_Ho, datatype: float64}
# - {name: e_OH_Ho, datatype: float64}
# - {name: U_Dors_O32, datatype: float64}
# - {name: e_U_Dors_O32, datatype: float64}
# - {name: U_Dors_S, datatype: float64}
# - {name: e_U_Dors_S, datatype: float64}
# - {name: U_Mor16_O23_fs, datatype: float64}
# - {name: e_U_Mor16_O23_fs, datatype: float64}
# - {name: U_Mor16_O23_ts, datatype: float64}
# - {name: e_U_Mor16_O23_ts, datatype: float64}
# - {name: NH_Pil16_R, datatype: float64}
# - {name: e_NH_Pil16_R, datatype: float64}
# - {name: NO_Pil16_R, datatype: float64}
# - {name: e_NO_Pil16_R, datatype: float64}
# - {name: NO_Pil16_Ho_R, datatype: float64}
# - {name: e_NO_Pil16_Ho_R, datatype: float64}
# - {name: NO_Pil16_N2_R2, datatype: float64}
# - {name: e_NO_Pil16_N2_R2, datatype: float64}
# - {name: Ne_Oster_S, datatype: float64}
# - {name: e_Ne_Oster_S, datatype: float64}
# delimiter: ','
# schema: astropy-2.0
KGAS_ID,cubename,OH_Mar13_N2,e_OH_Mar13_N2,OH_Mar13_O3N2,e_OH_Mar13_O3N2,OH_T04,e_OH_T04,OH_Pet04_N2_lin,e_OH_Pet04_N2_lin,OH_Pet04_N2_poly,e_OH_Pet04_N2_poly,OH_Pet04_O3N2,e_OH_Pet04_O3N2,OH_Kew02_N2O2,e_OH_Kew02_N2O2,OH_Pil10_ONS,e_OH_Pil10_ONS,OH_Pil10_ON,e_OH_Pil10_ON,OH_Pil11_NS,e_OH_Pil11_NS,OH_Cur20_RS32,e_OH_Cur20_RS32,OH_Cur20_R3,e_OH_Cur20_R3,OH_Cur20_O3O2,e_OH_Cur20_O3O2,OH_Cur20_S2,e_OH_Cur20_S2,OH_Cur20_R2,e_OH_Cur20_R2,OH_Cur20_N2,e_OH_Cur20_N2,OH_Cur20_R23,e_OH_Cur20_R23,OH_Cur20_O3N2,e_OH_Cur20_O3N2,OH_Cur20_O3S2,e_OH_Cur20_O3S2,OH_KK04,e_OH_KK04,OH_Pil16_R,e_OH_Pil16_R,OH_Pil16_S,e_OH_Pil16_S,OH_Ho,e_OH_Ho,U_Dors_O32,e_U_Dors_O32,U_Dors_S,e_U_Dors_S,U_Mor16_O23_fs,e_U_Mor16_O23_fs,U_Mor16_O23_ts,e_U_Mor16_O23_ts,NH_Pil16_R,e_NH_Pil16_R,NO_Pil16_R,e_NO_Pil16_R,NO_Pil16_Ho_R,e_NO_Pil16_Ho_R,NO_Pil16_N2_R2,e_NO_Pil16_N2_R2,Ne_Oster_S,e_Ne_Oster_S
[from data line 132]
131,KG-MaNGA-1-109073,8.443378251315107,0.04891205496370447,8.449454554600843,0.056603962453448925,8.559218053155684,0.6052856881656187,8.766935332227886,0.06666550046842809,8.487574593241364,0.0795977909269441,8.599005202264848,0.08511054492204334,8.78353026091998,0.15749863406706135,8.290520376918062,0.14430938213351427,8.24720264761024,0.18345988224128698,8.20762924566204,0.18053265439262584,8.582773140683138,0.07077469689597214,8.610141776824658,0.06312364354022659,8.620110011813237,0.07472558280258475,8.701409362241588,0.028284765843504523,8.694512696738647,0.051682236563725434,8.565683324255474,0.06428310524584967,8.599557185701402,0.08288350106107258,8.630659156510026,0.05971228273830397,8.744042932229855,0.02270344424756675,11.399215985973349,0.875955803886274,11.441132017301776,0.17523068174040132,8.371886561909369,0.15139080883440656,8.453392377401755,0.14210197183499812,2.8702493931220965,0.3579639053011154,3.806472667581946,0.33222241590552865,3.905466548457141,0.6924547676316658,3.4294132098306194,0.2934130371320618,7.277326004662044,0.30213268529103454,1.3316304970048043,0.2593360450464066,1.3397041103849558,0.20630574537893562,1.161649457422724,0.12267135045878347,2.8119489485801714,0.34437768270020297
132,KG-SAMI-346046,8.453432693020774,0.06223918203487591,8.515966779892299,0.10255532456051672,8.47725262033144,0.7892858103552659,8.77686610937576,0.08057167474211772,8.493537043051633,0.09766162458923089,8.69019502324117,0.15276447619993128,inf,0.28861388458367054,inf,0.08008783235798037,8.00942150607893,0.10611418524687677,8.052697017568653,0.17276857372268598,8.516760712468548,0.12316784912062709,8.598512357496062,0.10874746830022147,8.573692830457732,0.13231819640703604,8.615073878659215,0.032711196617039535,8.653418504481643,0.060508679851592806,8.54835332508882,0.07232532402396917,8.582462072264573,0.0983268659197527,8.65610275793924,0.10070235433527559,8.654747717793832,0.022660448279726277,12.008111001658909,0.7271205665820385,inf,0.22689828301447904,8.163546099905783,0.23539889256386895,8.476195704069166,0.10898934599602364,inf,0.6744371842280147,4.379235962122904,0.8956647031135864,4.1118337206251105,1.3046489793263236,3.488817949377096,0.5528173641213235,inf,0.3184001282003746,1.6988152258911822,0.21768556371410552,1.9261191131381752,0.11306935154496735,1.2581020995792187,0.15506887828567695,3.1552952137981385,0.30739042186116816
133,KG-SAMI-323575,8.423392381354278,0.07027291120227941,8.4105744322487,0.07420137692047594,8.359354019747316,0.9115287545024752,8.636453936147555,0.08901231991837719,8.467857325158743,0.1069946673254209,8.539716304143704,0.1124041704897129,8.682382502336226,0.24735957896083946,8.15109001792778,0.2402020560583525,8.092745361064205,0.2751886654813758,8.061950840336603,0.2992485566399999,8.580752404685795,0.09558802838169568,8.60161924337859,0.0877528382094179,8.592449794605582,0.12163151893667293,8.686500334384213,0.05345329271360557,8.70096054966353,0.0577802658744473,8.554846479135334,0.08512240242449493,8.592090268294701,0.13188234048858274,8.594669049542889,0.08277342860750911,8.70684868284107,0.04931995643905496,9.388196043794082,0.7695271250617537,8.252634961436769,0.293987136125259,8.113547549665691,0.25104315600534227,8.394796632633097,0.21581500591726682,2.905445427009195,0.548212261483272,3.743950566440735,0.3113541289256804,3.981810151899486,1.0604761779512473,3.433267797474655,0.44935431269120646,6.952364010791482,0.46406469737100736,1.3282107083939991,0.3764626299993066,1.66718988024931,0.42381891987007503,1.2630570523036733,0.20807208529385976,2.877536604717936,0.37923370454799854
134,KG-SAMI-278846,8.436170741791972,0.08445639394980406,8.437075320012616,0.08602771474408552,8.280319605946985,1.2408245651104253,8.85166978375401,0.11261150533635944,8.475195288823612,0.13212953494893134,8.573764422291498,0.1327018452954,8.66044141772498,0.2820129535547639,8.193338929413798,0.21872525232398435,8.116004669634727,0.24238069367680898,8.113852825957489,0.2984479081772548,8.567291975608855,0.12120888595942861,8.58767342390346,0.10413011435399494,8.589433706829109,0.12810570303273927,8.655551475997912,0.05760088573933954,8.683506087595134,0.05945198452924053,8.553581163320171,0.10280309629368178,8.598664081659319,0.10942077467850907,8.609862153465006,0.09817101480427105,8.688475229929377,0.04329261383153463,12.171259887975545,2.035240212387374,21.12295224919226,0.26430202394032043,8.158766013059923,0.2458138291821541,8.40848629145629,0.21994400046696372,2.920562591189306,0.6061011634977387,3.9053095646487206,0.5055244219205905,4.005850288541094,1.1724579884054616,3.457819026604649,0.4968042323751956,6.899303529882438,0.44591168525112657,1.5074419233528875,0.34447585977901163,1.79932150500794,0.38810024993238923,1.272115625673922,0.19152149623035936,2.968120306605272,0.3617585500055819
135,KG-SAMI-278773,8.506517372013501,0.056714829215042784,8.505554329625163,0.10325766383766831,8.149537518885772,1.324950243271696,8.905943976349432,0.0730673579335718,8.569855637312207,0.09326552595547499,8.677396414097597,0.15334448732927583,8.722338867909084,0.27311282866570863,8.247128598843306,0.12171039335675371,8.192787513391641,0.14564461693042072,8.188874961951033,0.20352174573564816,8.552953171838745,0.1303494344710883,8.600229595443592,0.11680907908083873,8.595067792799284,0.1392612799135999,8.705759175417883,0.03524322057404429,8.708486939762128,0.04097220640195369,8.606302533146447,0.06954460964221652,8.595203201985678,0.10372622571419456,8.661902916709362,0.10403505973635058,8.639154576154127,0.03626712173987739,9.917393118126242,1.5351509879064384,11.408975925426214,0.2489098861151837,8.383661247173448,0.2513241441709139,8.66665085334644,0.17307720076320274,2.9635322757301905,0.7236230692617464,4.0373997717772685,0.7243198478155513,4.080733417629552,1.3997954454571486,3.5064986880972215,0.5931336633293003,7.203910582704567,0.389037327066272,1.3667771659294656,0.3104976925576749,1.7531363271566858,0.2838069374085804,1.2423721742620333,0.2045921842657856,3.139602586722157,0.31910484352421276
136,KG-SAMI-550330,8.370758750091264,0.0650077922957155,8.354651343748827,0.05165869987327701,8.586892037067557,0.5342909584485253,8.493984499550729,0.09021243584787558,8.390171353720067,0.09689868173221557,8.459256717565417,0.08065256236124259,8.648259562955383,0.23650744148548594,8.088833451028288,0.23412760166185054,8.002616639489016,0.30018036362711237,7.958064635235938,0.30617221731754296,8.56306249033966,0.07838776093839037,8.569420313312236,0.07344638790702408,8.56715324803883,0.09475363839331995,8.68073208821084,0.0470384872436947,8.69806040441853,0.06714919566444685,8.501781717608862,0.08345523108315667,8.597135729818826,0.11763139425132145,8.547457151450091,0.0685552300207521,8.737376682517107,0.03488419342996852,9.083337726264965,0.7442735336594476,8.959556126979008,0.2803790176218041,8.132485765052294,0.23113844907937803,8.277562538180192,0.19962696443604555,2.659691531204741,0.3869422594153084,3.5748966469170145,0.18458814588599398,3.4876169848061975,0.7485112559181374,3.241593634644548,0.31716578640599047,7.006807335269039,0.40495885578020546,1.2967887008683587,0.35242868257685367,1.3942304284914808,0.33165106991460946,1.228218875599032,0.18425691816971218,2.6664181531895115,0.38577082352224257
137,KG-SAMI-203729,8.430282363511164,0.08076297139195238,8.387656288496991,0.07095325121304334,8.402150258049762,1.015269528368234,8.806970144754091,0.11054792936052803,8.476084875824133,0.12992660863314942,8.507691670165073,0.10909808953630089,8.687554618343052,0.24674607770928003,8.187033304322105,0.22147807406574252,8.14274729402001,0.27373567093632833,8.1066956892387,0.2866185075852646,8.541155906122643,0.11152298212863856,8.56248281007012,0.09694493574759316,8.565004547336423,0.11656412363108112,8.682797717533587,0.038236045298518456,8.67986145154986,0.06859226843247955,8.555416301086831,0.10720398699125444,8.581502047416143,0.11681292486770735,8.568332120974482,0.08877892775041288,8.655951979639251,0.04558708045931874,9.16202490800817,0.816205017851914,8.363467374894222,0.2859378738683876,8.177754425486887,0.29744829629041886,8.393729473915904,0.25170311070807205,2.737836959130935,0.5028124751485423,3.753568235781371,0.32276828424332876,3.631900929593507,0.9726536404512786,3.3049439633074793,0.41214137307257565,7.06061877156847,0.46898345831977306,1.3305521801900497,0.37920740874738074,1.561290039676119,0.4207405810022379,1.3037964254992762,0.19027650570236163,2.913141055013786,0.39049696064976713
138,KG-MaNGA-1-117026,8.421846898987013,0.05673790752071829,8.439721473819843,0.06229365129176529,8.42420500854052,0.8431715611554476,8.837859635514802,0.07695000483694436,8.459255241262404,0.08895067551485279,8.5835875536431,0.09507724203966324,8.70192502806495,0.21248499108519409,8.252159955386754,0.1892244920622644,8.208491212070056,0.21731121752509716,8.184201760962958,0.2144924087143204,8.630011827895443,0.07180495608071708,8.634126114352563,0.06786583239265745,8.647616238956433,0.08692882705586677,8.6880670401408,0.05138993458120989,8.69619525957775,0.0542744585028036,8.55030710028649,0.07419223349878458,8.581125829910414,0.10897106498056164,8.629679907659655,0.07349382144275483,8.723038902510554,0.052104727919960216,10.467578613431748,1.6487089554638983,13.719346085147722,0.2186520512803784,8.292104430728068,0.15639695987201616,8.408196976041564,0.16163691950355263,3.0858398097163358,0.4576806260089434,3.623373271165764,0.28789064584294916,4.320578947849159,0.8853494076894314,3.593721861215258,0.37514805410569135,7.045963140288166,0.3853001201749356,1.3623517984371325,0.25845737691432885,1.551971067283927,0.3482715204839759,1.3128473548328041,0.16142146588204911,2.796715039527823,0.32046097138403495
139,KG-MaNGA-1-117663,8.287656028200882,0.05863041491221493,8.294206099567722,0.03773675602191908,8.448627818787331,0.39420487312863395,8.41412054346094,0.09136514838369078,8.282282935714699,0.08766195557653914,8.361871723021927,0.06182692523996347,8.388763544504643,0.20087078568474176,8.112287311010956,0.1247849020467934,7.927579271054536,0.19623989530438218,7.946083441052436,0.19702135097827017,8.522642333367497,0.058277058127352524,8.522786937938662,0.05302250707797295,8.570053500731364,0.05203488697770586,8.606247528054762,0.08492138719955442,8.614137671746068,0.07592911715715257,8.389557218081032,0.09003800971224962,8.324158419493948,0.15049471801873052,8.455498997047744,0.06498348248157258,8.665968938556851,0.035834116956629,9.150598306274361,0.45009079911739686,8.189980453653734,0.20824794329493057,8.040760446852191,0.19472531911920307,8.09597653077239,0.15891786139435785,2.623919956801526,0.22731959471626795,3.338122379170755,0.22435958087821545,3.4203632378093287,0.4397329865003216,3.2064422286060035,0.18632753665267865,6.651592332300169,0.31179542816903755,1.5176462232254786,0.25502169226530585,1.5931502686519992,0.22480285222446084,1.408846245129985,0.09942837203863585,2.946444625003037,0.34825909784440645
140,KG-MaNGA-1-117122,8.4156988814135,0.0655685885132775,8.413920736018804,0.057340080380812106,8.573657517759115,0.5955268559848997,8.823412333653947,0.09472761918348048,8.448932862213825,0.10635747932598176,8.544339903974846,0.08783288161365295,8.74939807166029,0.1875007831355122,8.258927423631851,0.17142554650775213,8.188815775848616,0.22685918941469072,8.147361262292536,0.233000957490712,8.565527050944223,0.07556933301587,8.583571708674416,0.06660006721075928,8.593736214747699,0.07793473942342921,8.699434634833752,0.05586276260531694,8.689424274272374,0.06367012157509203,8.532860243357423,0.08995811210049019,8.569789995166929,0.10303110964363857,8.591031964922498,0.07025114357386586,8.725602477235897,0.03844512959886323,33.66935418052485,2.628533542469327,61.55740200271521,0.24273641314513505,8.265924734493465,0.2161882008142187,8.413919696635894,0.18814033658935284,2.7820767008803684,0.3675553362391803,3.6864445047321155,0.3742985725924278,3.7356843819161694,0.711008683216775,3.347684758406681,0.3012748657698199,7.206354590133285,0.3749429009294918,1.3632897941410846,0.3006484016619363,1.4478489018110536,0.2571974892586085,1.2044332519100862,0.14578357385331178,2.9379884760934116,0.33846453185293285
141,KG-MaNGA-1-117388,8.459545612600092,0.06708063931927327,8.454254866333693,0.08143344041815083,8.422896011444054,1.0328096945154626,9.098931582966008,0.09025459016940404,8.519778127960853,0.10894770387230016,8.599814844061237,0.12580972306695373,8.776710851853622,0.2207542143893897,8.286335120418917,0.13941128022576588,8.229653532079439,0.16177983776893018,8.16126579679743,0.18569727611794307,8.54842554029761,0.10528612474377272,8.580619428641322,0.09651566543343675,8.583302146803236,0.11364342503582685,8.690872349066636,0.03627993828067917,8.702887986944491,0.04870941085207792,8.578660222208352,0.08672532163281661,8.599153153706625,0.09342204165989347,8.625717042514928,0.08864495027374451,8.69426402440449,0.048111706123755524,1062.7700792718874,46.81074558948132,1062.3399855881837,0.2210622564525363,8.321462982886763,0.18582466229545078,8.555059688401398,0.1873581203773059,2.8408224705525034,0.517861132106415,3.9640533793055264,0.470458649978791,3.845459360460826,1.0017641571894584,3.3955035883259654,0.4244763377921435,7.216054759822191,0.3856622550254175,1.513247127513623,0.2843040918733966,1.6792324532765521,0.31991447652463045,1.249287729627244,0.1673882198608273,3.0465758213593306,0.38015426344970077
142,KG-MaNGA-1-116972,8.452150446608147,0.062182415470164246,8.516992883062725,0.10618050719342698,8.52220015224155,0.6683066598119334,8.664392166253675,0.09218216956169413,8.473234022417701,0.10754714751112822,8.687253803766287,0.1589629917351357,8.742821138555554,0.26163518700705823,8.211687004598529,0.07864826847713828,8.158780703224885,0.10559964392838597,8.083847731116562,0.16897500717379957,8.521574365931913,0.12023722840096297,8.587621612338351,0.09980791780830582,8.57055512096927,0.13669840805322356,8.690498146520305,0.02329037923075345,8.692737297730195,0.05130414040939509,8.531761355233536,0.08251852253629186,8.603765834457914,0.09455895684965283,8.653168432507096,0.10197982757323489,8.662778361967787,0.021774234367199566,9.116647728918881,0.7653159325709145,8.930029007035493,0.2290572296717553,8.37010656348169,0.2034365681244621,8.524528845414876,0.1203984507246745,2.8908708771805913,0.6358436366950009,4.423915820660482,0.8048314689967093,3.9702839529308367,1.22999260868869,3.431492402023794,0.5211833087663942,7.176339355625673,0.3304587976140463,1.5243641442444902,0.21771350598766503,1.7071090315783797,0.10798785779951514,1.1476064132559072,0.160101410164499,3.176738741818056,0.358400195714435
