tables/tab_OH_FoV.ecsv~
# %ECSV 1.0
# ---
# datatype:
# - {name: KGAS_ID, datatype: string}
# - {name: cubename, datatype: string}
# - {name: OH_Mar13_N2, datatype: float64}
# - {name: e_OH_Mar13_N2, datatype: float64}
# - {name: OH_Mar13_O3N2, datatype: float64}
# - {name: e_OH_Mar13_O3N2, datatype: float64}
# - {name: OH_T04, datatype: float64}
# - {name: e_OH_T04, datatype: float64}
# - {name: OH_Pet04_N2_lin, datatype: float64}
# - {name: e_OH_Pet04_N2_lin, datatype: float64}
# - {name: OH_Pet04_N2_poly, datatype: float64}
# - {name: e_OH_Pet04_N2_poly, datatype: float64}
# - {name: OH_Pet04_O3N2, datatype: float64}
# - {name: e_OH_Pet04_O3N2, datatype: float64}
# - {name: OH_Kew02_N2O2, datatype: float64}
# - {name: e_OH_Kew02_N2O2, datatype: float64}
# - {name: OH_Pil10_ONS, datatype: float64}
# - {name: e_OH_Pil10_ONS, datatype: float64}
# - {name: OH_Pil10_ON, datatype: float64}
# - {name: e_OH_Pil10_ON, datatype: float64}
# - {name: OH_Pil11_NS, datatype: float64}
# - {name: e_OH_Pil11_NS, datatype: float64}
# - {name: OH_Cur20_RS32, datatype: float64}
# - {name: e_OH_Cur20_RS32, datatype: float64}
# - {name: OH_Cur20_R3, datatype: float64}
# - {name: e_OH_Cur20_R3, datatype: float64}
# - {name: OH_Cur20_O3O2, datatype: float64}
# - {name: e_OH_Cur20_O3O2, datatype: float64}
# - {name: OH_Cur20_S2, datatype: float64}
# - {name: e_OH_Cur20_S2, datatype: float64}
# - {name: OH_Cur20_R2, datatype: float64}
# - {name: e_OH_Cur20_R2, datatype: float64}
# - {name: OH_Cur20_N2, datatype: float64}
# - {name: e_OH_Cur20_N2, datatype: float64}
# - {name: OH_Cur20_R23, datatype: float64}
# - {name: e_OH_Cur20_R23, datatype: float64}
# - {name: OH_Cur20_O3N2, datatype: float64}
# - {name: e_OH_Cur20_O3N2, datatype: float64}
# - {name: OH_Cur20_O3S2, datatype: float64}
# - {name: e_OH_Cur20_O3S2, datatype: float64}
# - {name: OH_KK04, datatype: float64}
# - {name: e_OH_KK04, datatype: float64}
# - {name: OH_Pil16_R, datatype: float64}
# - {name: e_OH_Pil16_R, datatype: float64}
# - {name: OH_Pil16_S, datatype: float64}
# - {name: e_OH_Pil16_S, datatype: float64}
# - {name: OH_Ho, datatype: float64}
# - {name: e_OH_Ho, datatype: float64}
# - {name: U_Dors_O32, datatype: float64}
# - {name: e_U_Dors_O32, datatype: float64}
# - {name: U_Dors_S, datatype: float64}
# - {name: e_U_Dors_S, datatype: float64}
# - {name: U_Mor16_O23_fs, datatype: float64}
# - {name: e_U_Mor16_O23_fs, datatype: float64}
# - {name: U_Mor16_O23_ts, datatype: float64}
# - {name: e_U_Mor16_O23_ts, datatype: float64}
# - {name: NH_Pil16_R, datatype: float64}
# - {name: e_NH_Pil16_R, datatype: float64}
# - {name: NO_Pil16_R, datatype: float64}
# - {name: e_NO_Pil16_R, datatype: float64}
# - {name: NO_Pil16_Ho_R, datatype: float64}
# - {name: e_NO_Pil16_Ho_R, datatype: float64}
# - {name: NO_Pil16_N2_R2, datatype: float64}
# - {name: e_NO_Pil16_N2_R2, datatype: float64}
# - {name: Ne_Oster_S, datatype: float64}
# - {name: e_Ne_Oster_S, datatype: float64}
# delimiter: ','
# schema: astropy-2.0
KGAS_ID,cubename,OH_Mar13_N2,e_OH_Mar13_N2,OH_Mar13_O3N2,e_OH_Mar13_O3N2,OH_T04,e_OH_T04,OH_Pet04_N2_lin,e_OH_Pet04_N2_lin,OH_Pet04_N2_poly,e_OH_Pet04_N2_poly,OH_Pet04_O3N2,e_OH_Pet04_O3N2,OH_Kew02_N2O2,e_OH_Kew02_N2O2,OH_Pil10_ONS,e_OH_Pil10_ONS,OH_Pil10_ON,e_OH_Pil10_ON,OH_Pil11_NS,e_OH_Pil11_NS,OH_Cur20_RS32,e_OH_Cur20_RS32,OH_Cur20_R3,e_OH_Cur20_R3,OH_Cur20_O3O2,e_OH_Cur20_O3O2,OH_Cur20_S2,e_OH_Cur20_S2,OH_Cur20_R2,e_OH_Cur20_R2,OH_Cur20_N2,e_OH_Cur20_N2,OH_Cur20_R23,e_OH_Cur20_R23,OH_Cur20_O3N2,e_OH_Cur20_O3N2,OH_Cur20_O3S2,e_OH_Cur20_O3S2,OH_KK04,e_OH_KK04,OH_Pil16_R,e_OH_Pil16_R,OH_Pil16_S,e_OH_Pil16_S,OH_Ho,e_OH_Ho,U_Dors_O32,e_U_Dors_O32,U_Dors_S,e_U_Dors_S,U_Mor16_O23_fs,e_U_Mor16_O23_fs,U_Mor16_O23_ts,e_U_Mor16_O23_ts,NH_Pil16_R,e_NH_Pil16_R,NO_Pil16_R,e_NO_Pil16_R,NO_Pil16_Ho_R,e_NO_Pil16_Ho_R,NO_Pil16_N2_R2,e_NO_Pil16_N2_R2,Ne_Oster_S,e_Ne_Oster_S
[from data line 263]
259,KG-SAMI-204096,8.513617672673574,0.03453625141063242,8.485396508790114,0.05054783439994081,8.684401068170684,0.6265502674834945,8.824193678738904,0.04326816707760485,8.638665027194717,0.06936082827057265,8.656663168025418,0.07554406638110397,8.912905162760264,0.1612916950701294,8.496143315044435,0.11451666554386845,8.476441997542052,0.1171922288358196,8.432578849466816,0.10134916757249599,8.670841071188605,0.057417646942272964,8.671319654969986,0.05736836089064332,8.610298350031389,0.10234461942516407,8.733858701950671,0.036937453999245466,8.752135756602843,0.0469183809921927,8.687150541704145,0.04750737497487525,8.694222285135362,0.07924165685249927,8.689192416452391,0.04807806564019587,8.751165383548908,0.03676593065414696,12.616667329870337,1.1864452130678758,18.195666563361986,0.16492398631932764,8.422835447953318,0.15392844004984865,8.61784697448947,0.14331440806037452,2.89793443268223,0.46681053400068356,3.4100020996272202,0.13026298362749247,3.9630715924111115,0.90301054118165,3.430715384916973,0.38263158524646196,7.596423187650335,0.34580013510262375,1.0038002924907794,0.28463479286480253,1.2307912563849603,0.2983493284836046,1.014965764726396,0.1795244352074877,2.406152594346153,0.40727992888104403
260,KG-MaNGA-1-76735,8.49975235546557,0.05184359934694033,8.482884554593078,0.062416892668702074,8.44766114230524,0.87170457274683,8.885705517707608,0.06472951664291612,8.592606068064491,0.08707849248608485,8.648172448817567,0.0946966895821795,8.807185251176923,0.17061471745258222,8.363862160941077,0.1410157417571342,8.302858415832446,0.15925659942754988,8.297602286591603,0.15540564009800542,8.61476769208335,0.07881700159935301,8.645938997670864,0.07035112810169852,8.673785211780707,0.07063247478064673,8.677264773201518,0.039532519561475424,8.690812186429051,0.05430710383698233,8.641469421023704,0.0650295163636064,8.621831595245064,0.08831396553660598,8.672282576506655,0.06377473232368122,8.705071528805993,0.029706250924996593,9.426832208793646,1.0524846533543903,9.844742706858797,0.21376366891687576,8.335906424921705,0.17604537218394065,8.558450571365299,0.1640543082414208,3.1059130381017916,0.3905754320940618,3.7933993867847304,0.2891136075737197,4.3495857199561385,0.7555393604442507,3.6040590627823255,0.3201437967984114,7.311963482751413,0.3396773633404819,1.1940969740939769,0.27861200721023327,1.4414061501098059,0.29393591005717884,1.1703588533925469,0.14644889162642427,2.95006523786395,0.3462270236225798
261,KG-SAMI-543797,8.50509794237558,0.06984830416878346,8.486699066538302,0.10087872809869546,8.34207246363709,1.235685636303163,8.858624390197011,0.09556103339016035,8.566484526239545,0.12546282409944406,8.649534843217648,0.15133162117652837,8.811494295403495,0.270470124985749,8.294649498461823,0.15367183690389727,8.251913453992172,0.18053059093856416,8.235107402250044,0.2074290028558652,8.562381663101052,0.13426138599729445,8.59092843224084,0.11649352538747698,8.546377077825904,0.1445703004758248,8.700161228881843,0.04173805027393057,8.719314856421757,0.05048210021085327,8.607125245185323,0.08567362835277675,8.611670062973053,0.0934613701348804,8.651886974117694,0.1057852125365904,8.65764140032076,0.033216167001198775,9.707839313673908,0.8957344408109262,8.748990601031695,0.270700667478492,8.363755569106015,0.24292596953685405,8.642267957708876,0.24012313268880647,2.7691593427061147,0.6799088762691023,3.94136012550074,0.6582526077826001,3.7061344148553785,1.3152335639303947,3.3331732227649087,0.5573023575976249,7.339753930290632,0.4182871781748394,1.2224880364678563,0.3539118363471398,1.5597750563367077,0.38476509694953087,1.2087958720291214,0.20585493337106536,3.100014161210567,0.35366522979347825
262,KG-SAMI-15847,8.363273486060983,0.05711605196456949,8.334935776158675,0.042891851010980794,8.539847945347464,0.5930166397604831,8.596409016408614,0.08431254015403752,8.377793256826669,0.0859956516619486,8.429911077172726,0.06694476760878917,8.650357335711874,0.1800248837417326,8.18246969672139,0.18912251076323378,8.169973964008634,0.2597005578038356,8.115081752692383,0.258686687501341,8.553705578996714,0.0654815806835362,8.548784902694248,0.05744433091888334,8.54250126787348,0.0706173549968462,8.706583182500971,0.05776267992530938,8.702928736984354,0.06493503198147192,8.49373649290079,0.07790687315272518,8.579975141807209,0.10597565910125863,8.529296430532881,0.058728073959359736,8.757707097535302,0.03081389962675423,71.77177798302165,5.443744960033511,100.18927263124183,0.2522900156534983,8.172059865725993,0.21521717615755104,8.257340265932106,0.17882443149333627,2.5749349512653543,0.293457835255968,3.3881024142423515,0.15998208129617109,3.3268420063774222,0.5676725337738399,3.163701011800239,0.2405392092262033,7.000802795701767,0.35386950888400404,1.3198475470294684,0.32462824497750414,1.4011236942664809,0.29638628887957896,1.2477536933219409,0.132428384259378,2.7001858625131483,0.39472782378149013
263,KG-SAMI-319397,8.459793340159008,0.06768835865957161,8.490061803048848,0.10393480588071889,8.430885670884484,0.6286065381034788,8.575904122140578,0.09146175056778912,8.475908018071506,0.10553993813909622,8.647085474150414,0.15677382813304755,inf,0.30031401594286244,inf,0.07193031962265439,8.13922461380451,0.09445765669361922,8.119034313599704,0.1528130292482094,8.506999300272609,0.1273808918222935,8.551405931581398,0.1164976015197656,8.513604027522444,0.15068941279137718,8.668798271265818,0.029949354335493117,8.662796425119838,0.06103990760602099,8.534974743491404,0.08459459290797545,8.591136094504709,0.08861771931085594,8.629730777797691,0.11817140638512978,8.690639354437478,0.028707910764395387,8.977633590625219,0.7766827733109446,inf,0.2240815166498711,8.28538186126942,0.21877665889390188,8.604106475466011,0.12643295726047923,inf,0.6931430752414534,4.273136606711489,0.8641292414969042,3.593365580997664,1.3408341455490411,3.261969499309717,0.5681500616733225,inf,0.3409313129015294,1.4735727250992923,0.20700975590065096,1.666749135088814,0.11529182310126668,1.207277779780451,0.168488674965855,3.1450251551465658,0.3137265937343403
264,KG-SAMI-227961,8.547926102630493,0.047800488560804266,8.513874883058516,0.08760514579848284,8.37078174739374,1.3344854766144012,9.102006236393969,0.05368422815012785,8.679805845760578,0.08366529680107537,8.693459194076581,0.1315541497575946,8.834210460952802,0.231102422683257,8.409442632278754,0.1406655559836874,8.344904797966452,0.16175985144442692,8.343247184927757,0.15085874350020329,8.611766110505506,0.10546710513181648,8.635652080711514,0.09901344908750598,8.61334476018454,0.12744339493668735,8.697976993729705,0.04391568078107959,8.731651124866316,0.0408366125778456,8.69887864556977,0.05756027426251377,8.627734818300244,0.09705047940718328,8.689120213506161,0.08618766705283484,8.675403752192482,0.054290692077492875,10.867260396531062,1.268078387699529,10.694205513559867,0.2144893089296947,8.46353114752162,0.19928904095172054,8.730100727095099,0.21524991598088952,3.099097347306217,0.6725396749403973,3.733646922687597,0.39172349738014867,4.35322548387008,1.3009783875896208,3.591165123067234,0.5512620286396699,7.457946160759454,0.4415396231569111,1.2043943927729546,0.3508096730544831,1.5600856943538703,0.3780869345061838,1.1733478965341826,0.22151548881931282,2.9333102211193793,0.38825199224550583
265,KG-SAMI-463367,8.506747712562003,0.04079707027189534,8.499844188772283,0.055651419282592186,8.804168156227032,0.48349049012913264,8.730106605255067,0.04966031275969922,8.619665197706054,0.07704463783916841,8.6784404856298,0.08212113076112972,8.948172106064877,0.14439271209230198,8.503011902999502,0.12732294630128074,8.495978032639522,0.12478667835703375,8.443068673200509,0.11876463144276389,8.690186209497663,0.05841206678630904,8.69207517060563,0.058151158807659836,8.62315120468816,0.09944887358378435,8.742040106139143,0.033216736557732905,8.764282629843867,0.04259865774867607,8.670346123706054,0.0539017292739961,8.70637310025232,0.07610867013310263,8.702987984576117,0.050911930647584445,8.756457608474738,0.031869550429770854,9.240793576909866,0.4019773601865136,8.709940573647959,0.16554575000171798,8.4237058942177,0.16266336159661005,8.59305658913712,0.13085055238072174,2.898688042979033,0.44060082780906373,3.4221356448891083,0.14534365624341675,3.949345662499493,0.8523097980568773,3.427086018888198,0.3611482195156259,7.657382062195033,0.32067566697077426,0.9325015279117422,0.2741252550660182,1.081813787682557,0.24297683031620784,0.9369914972249914,0.16991058202805373,2.480934989933626,0.40391846296172335
266,KG-SAMI-618220,8.547323047017251,0.04861218617074557,8.52057442349997,0.08183916527250468,8.532655249155292,1.0797367204423411,8.863587315067214,0.05563180199681306,8.684861257402712,0.08809035340141276,8.705617976022262,0.12043066343203276,8.95070107055901,0.2154727015403752,8.495862874365555,0.14807937273680027,8.451341080897992,0.15258829431864082,8.41883932087365,0.1281523405898897,8.66898298252205,0.09166807205236939,8.668222297179742,0.08747938288354701,8.596285235575056,0.1340383779966623,8.723023371925448,0.05336273153372239,8.752105859148974,0.041551162121442504,8.704902507043483,0.061359471500524045,8.671864866951653,0.08846068430424302,8.70670058269556,0.0708881373795167,8.669066153103866,0.033946645511955524,226.78610896142578,13.974658660510807,335.1858953336969,0.19647402257815025,8.481213998952292,0.19745583669436315,8.742591196823495,0.17899425000479277,2.998799034412353,0.667647065483874,3.5526609939087987,0.315450973371641,4.165636988062027,1.2915139955261825,3.52191899786738,0.5472516930195689,7.656406457195557,0.43332862925495697,1.0495399713897442,0.37888003249357066,1.3028902738908683,0.33843900464895266,1.0092485486059084,0.22791545780782302,2.6758637973824086,0.4321427146570416
267,KG-SAMI-319452,8.46395797392092,0.06897024994519764,8.507308490298621,0.10365164522302886,8.45954065857598,0.7017164062029394,8.678608031941321,0.08902452032824883,8.483854996224288,0.10477686004296552,8.6763934140474,0.15549649894897527,inf,0.2950837542140687,8.112108963096617,0.07252648748245547,8.089106171025733,0.09693034984739131,8.000532386877861,0.15969019728638642,8.533885862575977,0.13182112655058126,8.5957644373634,0.11001330608615359,8.55800965792278,0.14390693325778608,8.651822808540855,0.02667847618752061,8.666280552223588,0.06506929047182393,8.536043091361622,0.08545199662834567,8.59895553341619,0.08067296348212467,8.656743266607268,0.10114838408736894,8.70078091109604,0.015603072830025448,25.368602585084666,1.9893766077114805,inf,0.23322859882926972,8.145784481204293,0.22767312753250996,8.420797232090564,0.1021001208624237,inf,0.6978919379254364,4.258037867659284,0.866430568210408,3.894484837010816,1.3500204700852703,3.3903019465984805,0.5720425720700298,inf,0.341151514473572,1.5042892158126036,0.23763961839570494,1.8006890385931609,0.0994297316231526,1.2034006382856521,0.16998144203529567,3.2287159092726028,0.3249489382394562
268,KG-SAMI-238406,8.513260498043119,0.05080296606093981,8.501414608267591,0.07622152028622949,8.661217086313435,0.9434852700335833,8.858245258468378,0.06194076759475365,8.63130505428285,0.09588980235762262,8.677928203491541,0.11363901887168625,8.910831987085476,0.21736449080436063,8.471707998587114,0.16099990716552293,8.43607081001589,0.16283528859322982,8.423905734635628,0.14713728883822363,8.68202359088441,0.08111995487071902,8.671901772279666,0.08152928162863758,8.601619661745799,0.1292302050707074,8.735387662456326,0.06383471919634223,8.752981135459098,0.04215993742624728,8.67506071105437,0.06618256402982646,8.660075826913513,0.09758028062058034,8.693976052151438,0.06797039526466601,8.707796007238667,0.055571075089052686,9.592603845748087,0.8571164401605764,8.871930674833724,0.2163428130106263,8.43497961017305,0.18132320578321998,8.64676746210343,0.19242208748975267,3.0547983137218977,0.6412987183306095,3.374480516913668,0.2408982534101368,4.270093458791077,1.2405450616887197,3.5552648511249147,0.5256546871562372,7.542091936083034,0.4605439745735208,1.0740417953010708,0.3771818515996595,1.3402524624019894,0.4027168279875445,1.0693751686048472,0.2378120837061962,2.678131479303442,0.4615334741273567
269,KG-SAMI-238282,8.456857428160786,0.07432933179019198,8.480849234754547,0.10767181218233483,8.43276019557386,0.7503770470483447,8.67138844113032,0.10067643342768226,8.483255750219953,0.11901243265032554,8.636867433305916,0.16254428023514697,inf,0.27635983528235597,8.163538489115732,0.09921688552511565,8.129684833227046,0.12204053557531165,8.087936996558895,0.18543680181677427,8.519727852805941,0.12524095864157075,8.553507393114582,0.11697198561937161,8.513306515311765,0.1481197763653041,8.658817651033942,0.03109540572855265,8.67130254582565,0.06691244233746109,8.540567826344125,0.09266955139529391,8.61433212407397,0.09149257462044502,8.62390950009472,0.11822188233933724,8.679207314800781,0.02282035774995988,107.22440757733855,4.587330782610429,inf,0.21717715560057793,8.23710443355688,0.2176527972834881,8.578052443051579,0.11973175443561727,inf,0.6701075768689234,4.170284858346318,0.8641767072418403,3.5810761853999105,1.2962736732874258,3.253260185441195,0.5492685056302652,7.166276155943668,0.33410960040348464,1.4355286842641766,0.2080338881480679,1.8573313111177683,0.09325049077425548,1.157934566804631,0.15749577680495813,3.1732528337900816,0.34035399558921753
270,KG-SAMI-238276,8.45187438147786,0.06762561840959919,8.473613665173588,0.11100006234293024,8.443883903010118,0.6491876805182637,8.574126115619572,0.08601352729291274,8.481528688362076,0.10111554747866203,8.625393928627192,0.16791657447147923,inf,0.3044710537530993,inf,0.0770660496092348,8.089585701610286,0.10213294570232548,8.069476949065875,0.18686803220859913,8.504851930481795,0.13073748372100336,8.544576521994424,0.11857134479772341,8.483962103217996,0.15421633830672707,8.644253887544759,0.029281386731490854,8.656811421408978,0.07012817964579315,8.540004601739454,0.07860307528484725,8.596782193206405,0.09057327506073568,8.616782987749398,0.11901331232032798,8.70710164044069,0.026793942059020217,33.008537315446944,0.6066045134844457,inf,0.253621985326588,8.223069314092124,0.251224942569574,8.546270599646428,0.12002266738593823,inf,0.6927064984182774,4.311289352182139,0.8852853214113318,3.3628046736021187,1.3399896198910939,3.149411596183871,0.5677922118182602,inf,0.38292724002781187,1.5449903154492093,0.21969501628815002,1.6662772266992398,0.08103792075211844,1.1569959018400442,0.17192811963087115,3.1967741226985766,0.3162515737169043
