tables/tab_KG_sel_add.ecsv
# %ECSV 1.0
# ---
# datatype:
# - {name: KGAS_ID, datatype: int64}
# - {name: cubename, datatype: string}
# - {name: IAUNAME, datatype: string}
# - {name: RA, datatype: float64}
# - {name: DEC, datatype: float64}
# - {name: Z, datatype: float32}
# - {name: R50_ARCSEC, datatype: float32}
# - {name: PETRO_PHI50, datatype: float32}
# - {name: PETRO_BA50, datatype: float32}
# - {name: PETRO_TH50, datatype: float32}
# - {name: PA, datatype: float64}
# - {name: BA, datatype: float64}
# delimiter: ','
# schema: astropy-2.0
KGAS_ID,cubename,IAUNAME,RA,DEC,Z,R50_ARCSEC,PETRO_PHI50,PETRO_BA50,PETRO_TH50,PA,BA
1,KG-MaNGA-1-178894,J205821.15-002104.10,314.5881042480469,-0.35113999247550964,0.05285,2.320328,132.40863,0.8425276,2.1957436,132.40863037109375,0.8425276279449463
2,KG-MaNGA-1-179173,J205812.81-001927.80,314.5533752441406,-0.3243899941444397,0.05264,2.764213,124.2746,0.7704078,2.1841857,124.27459716796875,0.7704077959060669
3,KG-MaNGA-1-179071,J205502.11-000223.89,313.7587890625,-0.039969999343156815,0.05249,6.1513886,128.37317,0.619442,5.6774335,128.3731689453125,0.6194419860839844
4,KG-MaNGA-1-178794,J204331.88+005748.17,310.8828430175781,0.963379979133606,0.05089,2.1478245,160.05466,0.8192031,1.798662,160.05465698242188,0.8192030787467957
5,KG-MaNGA-1-54940,J093808.81+012656.98,144.53671264648438,1.4491599798202515,0.04578,5.0828276,109.6221,0.8603322,4.3148437,109.62210083007812,0.860332190990448
6,KG-MaNGA-1-277,J094603.70+001000.52,146.51539611816406,0.16681000590324402,0.04892,5.8137746,20.469162,0.7563583,4.8205686,20.469161987304688,0.7563583254814148
7,KG-MaNGA-1-55227,J094618.26+025303.62,146.57606506347656,2.8843400478363037,0.04746,3.197625,147.38031,0.95408857,3.0137353,147.38031005859375,0.954088568687439
8,KG-MaNGA-1-954,J095649.40+010713.84,149.20582580566406,1.1205099821090698,0.04705,3.053145,83.187225,0.89617413,2.858805,83.18722534179688,0.8961741328239441
9,KG-MaNGA-1-383,J095627.02+000747.06,149.11256408691406,0.12973999977111816,0.04579,4.350979,14.845978,0.7274175,3.4444242,14.845977783203125,0.727417528629303
10,KG-MaNGA-1-55178,J094206.87+022603.98,145.5286102294922,2.4344398975372314,0.04799,4.508586,118.32367,0.79205585,4.1803503,118.32366943359375,0.7920558452606201
11,KG-MaNGA-1-78155,J094426.96+042956.90,146.11231994628906,4.499139785766602,0.0467,2.9824288,166.89691,0.904113,2.9044285,166.89691162109375,0.9041129946708679
12,KG-MaNGA-1-207,J094222.57+001833.88,145.59402465820312,0.3094100058078766,0.04571,2.675854,116.4104,0.75824,2.3025558,116.410400390625,0.7582399845123291
13,KG-MaNGA-1-54970,J093606.15+012738.66,144.02561950683594,1.4607399702072144,0.04592,2.4981651,145.7945,0.87022805,2.4922469,145.79449462890625,0.8702280521392822
14,KG-SAMI-205168,J092254.16-002052.66,140.72564697265625,-0.3479599952697754,0.05626,1.8666542,43.285675,0.86085594,1.5941489,43.285675048828125,0.8608559370040894
15,KG-SAMI-210070,J090600.01+000032.51,136.50003051757812,0.009030000306665897,0.05886,1.3527768,134.78857,0.93273693,1.3659363,134.78857421875,0.9327369332313538
16,KG-SAMI-205166,J092249.81-001628.42,140.70753479003906,-0.27456000447273254,0.055,1.9524992,52.476364,0.87711376,1.8249041,52.47636413574219,0.8771137595176697
17,KG-SAMI-601018,J091322.10+001603.36,138.3420867919922,0.26759999990463257,0.05302,1.9083999,84.30249,0.971503,1.8337361,84.302490234375,0.9715030193328857
18,KG-SAMI-575097,J091353.93-000238.51,138.47470092773438,-0.044029999524354935,0.05498,3.0281065,29.438965,0.5921733,2.3881102,29.43896484375,0.5921732783317566
19,KG-SAMI-197866,J090947.08-003906.55,137.4461669921875,-0.6518200039863586,0.05441,3.2563453,77.13251,0.9008572,3.1770618,77.13250732421875,0.9008572101593018
20,KG-SAMI-204832,J091837.62-001857.53,139.65673828125,-0.3159799873828888,0.05523,2.7347772,135.47034,0.9723905,2.7641847,135.4703369140625,0.9723904728889465
21,KG-SAMI-218713,J092002.40+005039.16,140.00999450683594,0.8442100286483765,0.05848,1.8095233,53.702026,0.88383776,1.6018642,53.7020263671875,0.8838377594947815
22,KG-SAMI-623620,J091850.93+003823.86,139.71218872070312,0.639959990978241,0.05668,7.6829386,8.854965,0.55455023,5.588251,8.854965209960938,0.5545502305030823
23,KG-SAMI-302810,J091743.48+012932.60,139.43115234375,1.4923900365829468,0.05358,8.246283,74.61331,0.39371297,6.0806336,74.61331176757812,0.39371296763420105
24,KG-MaNGA-1-40777,J011243.97+153521.73,18.18320083618164,15.589369773864746,0.043,2.9026601,134.9768,0.9454504,3.2715118,134.976806640625,0.9454504251480103
25,KG-MaNGA-1-602390,J013204.59+153001.04,23.019119262695312,15.500289916992188,0.04394,5.5651383,177.69485,0.9161496,5.2907553,177.69485473632812,0.9161496162414551
26,KG-MaNGA-1-39995,J005949.51+141940.55,14.956279754638672,14.327930450439453,0.03979,9.566134,176.2016,0.32059932,8.000845,176.20159912109375,0.3205993175506592
27,KG-MaNGA-1-39880,J005610.67+150716.93,14.044469833374023,15.121370315551758,0.04088,4.502916,61.91661,0.6488611,3.3855855,61.91661071777344,0.6488611102104187
28,KG-MaNGA-1-602324,J012839.87+144553.75,22.166139602661133,14.76492977142334,0.04517,10.925301,170.49078,0.7219894,9.566026,170.49078369140625,0.7219893932342529
29,KG-MaNGA-1-40810,J011344.95+154100.35,18.43729019165039,15.683429718017578,0.04428,3.1505935,151.7576,0.8248818,2.8869452,151.75759887695312,0.8248817920684814
30,KG-MaNGA-1-40534,J011238.01+153303.82,18.15838050842285,15.55105972290039,0.04287,4.7367697,54.526245,0.633541,4.008384,54.5262451171875,0.6335409879684448
31,KG-MaNGA-1-40778,J011224.99+153837.21,18.10413932800293,15.643670082092285,0.04423,2.3869383,75.73299,0.8759562,2.2812433,75.73298645019531,0.8759561777114868
32,KG-MaNGA-1-601940,J011342.98+151353.98,18.42909049987793,15.231659889221191,0.04519,2.1783724,88.265564,0.89386207,2.1049664,88.26556396484375,0.8938620686531067
33,KG-MaNGA-1-40577,J011311.92+150558.56,18.299650192260742,15.099599838256836,0.04553,6.1018734,10.122787,0.5456496,4.136458,10.122787475585938,0.5456495881080627
34,KG-MaNGA-1-286,J094604.88+005218.62,146.52032470703125,0.8718400001525879,0.02681,3.187471,158.66364,0.7968265,2.6134822,158.66363525390625,0.7968264818191528
35,KG-MaNGA-1-60334,J095822.51+013504.96,149.59381103515625,1.5847100019454956,0.02775,6.094013,27.57309,0.6875877,5.2177005,27.573089599609375,0.6875876784324646
36,KG-MaNGA-1-77735,J093652.46+030814.46,144.21859741210938,3.137350082397461,0.02777,8.917211,170.2749,0.8631221,8.220333,170.27490234375,0.8631221055984497
37,KG-MaNGA-1-78451,J100057.25+030830.37,150.23855590820312,3.1417698860168457,0.02928,10.42185,162.43396,0.5771309,7.897543,162.4339599609375,0.577130913734436
38,KG-MaNGA-1-78291,J094926.66+040011.38,147.36109924316406,4.003159999847412,0.02403,3.7566094,110.60593,0.82771075,3.2528431,110.60592651367188,0.827710747718811
39,KG-MaNGA-1-606422,J095635.79+012542.71,149.1491241455078,1.428529977798462,0.02747,4.573126,62.43094,0.8046475,3.7963612,62.430938720703125,0.8046475052833557
40,KG-MaNGA-1-54829,J093514.34+002432.90,143.80975341796875,0.4091399908065796,0.02548,3.5487142,155.21448,0.9618805,3.5852053,155.2144775390625,0.9618805050849915
41,KG-MaNGA-1-78377,J095208.27+041508.35,148.03445434570312,4.252319812774658,0.02965,10.628419,109.56027,0.9509232,9.985992,109.56027221679688,0.9509232044219971
42,KG-MaNGA-1-78294,J094816.23+035421.10,147.06764221191406,3.90585994720459,0.02411,6.101638,144.04575,0.6149851,4.5486827,144.04574584960938,0.6149851083755493
43,KG-MaNGA-1-78117,J094221.72+042116.13,145.59051513671875,4.354479789733887,0.02737,5.2637405,130.9328,0.8184851,5.0830016,130.93280029296875,0.8184850811958313
44,KG-MaNGA-1-78021,J094307.68+032548.18,145.78199768066406,3.4300498962402344,0.024,6.60163,170.05576,0.83335125,6.104518,170.05575561523438,0.8333512544631958
45,KG-MaNGA-1-77800,J093256.43+025621.52,143.23512268066406,2.939310073852539,0.02769,3.0737543,73.82974,0.90032184,2.6472237,73.82974243164062,0.9003218412399292
46,KG-MaNGA-1-605957,J093639.20+011501.26,144.163330078125,1.250349998474121,0.02608,5.576263,23.93338,0.94356376,5.32112,23.933380126953125,0.9435637593269348
47,KG-MaNGA-1-54602,J092941.17+021220.09,142.4215545654297,2.205579996109009,0.02433,2.6279218,159.90906,0.96926355,2.7854714,159.9090576171875,0.9692635536193848
48,KG-MaNGA-1-52600,J040757.59-055454.43,61.9899787902832,-5.9151201248168945,0.03774,1.5273811,83.33258,0.8687713,1.4685299,83.33258056640625,0.8687713146209717
49,KG-MaNGA-1-52554,J041147.82-055511.57,62.94926071166992,-5.919879913330078,0.03879,4.134138,128.61484,0.70824045,3.369279,128.61483764648438,0.7082404494285583
50,KG-MaNGA-1-52637,J040723.53-064111.22,61.84804153442383,-6.686450004577637,0.03803,4.81598,109.244415,0.7501225,3.9864302,109.24441528320312,0.7501224875450134
51,KG-MaNGA-1-52368,J035532.82-052204.58,58.8867301940918,-5.3679399490356445,0.03692,2.9455192,103.63864,0.74904317,2.2677608,103.63864135742188,0.7490431666374207
52,KG-MaNGA-1-52677,J040326.24-052930.62,60.85932922363281,-5.49183988571167,0.03836,1.9274876,71.168884,0.8376506,1.8337361,71.16888427734375,0.8376505970954895
53,KG-MaNGA-1-52578,J041001.07-063956.30,62.504451751708984,-6.665639877319336,0.03855,4.4279966,67.80675,0.5714882,3.366963,67.80674743652344,0.5714882016181946
54,KG-MaNGA-1-556831,J074748.49+184659.30,116.95204162597656,18.783140182495117,0.04636,3.6567857,146.11697,0.6938864,2.843757,146.11697387695312,0.693886399269104
55,KG-MaNGA-1-382729,J080458.02+191849.39,121.24176025390625,19.313720703125,0.04531,10.166945,100.95752,0.32348886,7.0118785,100.95751953125,0.32348886132240295
56,KG-MaNGA-1-382473,J075432.98+181941.05,118.6374282836914,18.32806968688965,0.04483,3.9554527,128.62839,0.81431425,3.2966292,128.62838745117188,0.8143142461776733
57,KG-MaNGA-1-297825,J074822.73+183010.37,117.0947265625,18.502880096435547,0.04655,1.8144628,110.51105,0.96166843,1.7685088,110.51104736328125,0.9616684317588806
58,KG-MaNGA-1-297854,J074943.86+185506.96,117.43276977539062,18.91860008239746,0.04786,10.150067,47.225815,0.48224208,7.1245217,47.22581481933594,0.48224207758903503
59,KG-MaNGA-1-458678,J075455.66+144300.33,118.73191833496094,14.71675968170166,0.04911,5.510234,44.568604,0.76782846,4.5247393,44.568603515625,0.7678284645080566
60,KG-MaNGA-1-458727,J075710.37+143931.54,119.293212890625,14.658760070800781,0.04757,3.0992548,110.64633,0.86825746,3.074435,110.64633178710938,0.868257462978363
61,KG-MaNGA-1-412000,J075242.67+145026.48,118.17778778076172,14.840689659118652,0.04762,10.66919,111.54123,0.8590487,10.394143,111.54122924804688,0.8590487241744995
62,KG-MaNGA-1-297986,J074523.18+181411.87,116.3465805053711,18.236629486083984,0.0462,3.3767276,51.85785,0.78942806,2.858805,51.85784912109375,0.7894280552864075
63,KG-MaNGA-1-117014,J230343.07+135535.51,345.929443359375,13.926529884338379,0.02706,5.3884196,91.29877,0.64702076,4.0287313,91.29876708984375,0.6470207571983337
64,KG-MaNGA-1-117104,J225800.25+131006.46,344.50103759765625,13.16845989227295,0.02718,4.8836226,144.00848,0.5493288,4.14668,144.00848388671875,0.5493288040161133
65,KG-MaNGA-1-117981,J232215.37+140450.74,350.5640563964844,14.08076000213623,0.02638,7.010923,96.07178,0.6835176,5.2730665,96.07177734375,0.683517575263977
66,KG-MaNGA-1-116989,J230240.31+131944.72,345.66796875,13.329090118408203,0.02765,7.3594174,13.810944,0.8290034,6.464052,13.810943603515625,0.8290033936500549
67,KG-MaNGA-1-117946,J232227.41+134856.99,350.61419677734375,13.81583023071289,0.026,9.126756,105.840515,0.6819854,8.126784,105.84051513671875,0.6819853782653809
68,KG-MaNGA-1-38033,J031945.63-000437.88,49.94013977050781,-0.07718999683856964,0.03692,5.841792,147.40161,0.7827011,4.745654,147.401611328125,0.7827010750770569
69,KG-MaNGA-1-603996,J031202.49-000442.49,48.01039123535156,-0.07846999913454056,0.03762,5.3269944,88.19684,0.9514017,5.5708222,88.19683837890625,0.9514017105102539
70,KG-MaNGA-1-603974,J030846.63-004359.23,47.194278717041016,-0.7331200242042542,0.03726,10.224033,89.95413,0.91279685,9.217144,89.95413208007812,0.9127968549728394
71,KG-MaNGA-1-38353,J032516.26-002432.54,51.31776809692383,-0.40904000401496887,0.03767,6.9317,95.871826,0.90893584,6.8136134,95.871826171875,0.9089358448982239
72,KG-MaNGA-1-38293,J032643.20-004610.06,51.68001174926758,-0.7694600224494934,0.03884,6.6093874,85.61011,0.8542232,6.427166,85.610107421875,0.8542231917381287
73,KG-MaNGA-1-37995,J032427.60-000510.82,51.11500930786133,-0.08634000271558762,0.03648,6.7057543,75.687195,0.73719406,5.4132624,75.68719482421875,0.7371940612792969
74,KG-MaNGA-1-38029,J031820.20-004928.78,49.58417892456055,-0.8246600031852722,0.03668,6.251217,20.389343,0.94491667,6.1732073,20.38934326171875,0.9449166655540466
75,KG-MaNGA-1-604048,J032208.67-005010.54,50.53614044189453,-0.8362600207328796,0.03646,8.919904,54.241043,0.9102668,8.810984,54.24104309082031,0.9102668166160583
76,KG-MaNGA-1-38521,J033515.39-011343.00,53.814109802246094,-1.2286100387573242,0.03707,6.6158853,137.18298,0.9361612,6.09751,137.1829833984375,0.9361612200737
77,KG-MaNGA-1-38514,J033123.42+002153.75,52.84757995605469,0.36493000388145447,0.04025,6.352265,42.092926,0.93165004,6.276263,42.092926025390625,0.9316500425338745
78,KG-MaNGA-1-82669,J144043.35+032226.47,220.18063354492188,3.3740200996398926,0.03195,2.7716033,14.420044,0.87808174,2.4156003,14.4200439453125,0.878081738948822
79,KG-SAMI-594049,J143544.53-000048.13,218.935546875,-0.013369999825954437,0.02947,7.5943813,23.866333,0.85817146,6.7394505,23.8663330078125,0.8581714630126953
80,KG-SAMI-93020,J143406.70+003626.60,218.52792358398438,0.6073899865150452,0.03161,2.14,nan,nan,,107.1678304177246,0.8262571533222655
81,KG-SAMI-92944,J143234.66+002719.94,218.14442443847656,0.4555400013923645,0.03105,3.2889109,58.63394,0.71654236,2.5724287,58.633941650390625,0.7165423631668091
82,KG-MaNGA-1-82432,J143309.72+035647.94,218.2904815673828,3.9466500282287598,0.03003,9.358866,157.58594,0.8896881,7.674768,157.5859375,0.8896880745887756
83,KG-SAMI-593680,J142946.05-000908.60,217.44189453125,-0.1523900032043457,0.03,9.815683,113.15991,0.4109038,6.805702,113.159912109375,0.41090381145477295
84,KG-MaNGA-1-70384,J145731.20+013558.99,224.38002014160156,1.5997200012207031,0.02935,7.8547196,88.55664,0.4886493,5.558836,88.556640625,0.48864930868148804
85,KG-SAMI-93604,J144503.29+003137.13,221.2637176513672,0.5269799828529358,0.02884,9.374365,39.876373,0.82156765,5.0633707,39.876373291015625,0.8215676546096802
86,KG-MaNGA-1-368248,J143651.29+055740.43,219.2136993408203,5.9612298011779785,0.02918,4.982188,11.435333,0.86810446,4.500922,11.435333251953125,0.8681044578552246
87,KG-MaNGA-1-559752,J143611.03+032115.37,219.0459442138672,3.3542699813842773,0.02878,3.5351145,160.75745,0.90673184,3.4247687,160.7574462890625,0.9067318439483643
88,KG-SAMI-107214,J143535.15+005319.79,218.89645385742188,0.8888300061225891,0.03012,9.854089,150.5123,0.8002809,8.507491,150.51229858398438,0.8002809286117554
89,KG-SAMI-93062,J143519.72+002832.63,218.83216857910156,0.4757300019264221,0.02955,3.4137852,90.62326,0.73382336,3.0457146,90.62326049804688,0.7338233590126038
90,KG-SAMI-93023,J143411.26+003656.70,218.54690551757812,0.6157500147819519,0.02994,4.266801,123.852875,0.9067484,4.05005,123.85287475585938,0.9067484140396118
91,KG-SAMI-78827,J143540.08+001217.78,218.9169921875,0.20494000613689423,0.02926,3.6972926,88.29254,0.915892,4.043024,88.29254150390625,0.9158920049667358
92,KG-SAMI-509075,J143833.87-012730.24,219.64112854003906,-1.458400011062622,0.05041,3.177403,135.05643,0.8908353,3.2107744,135.05642700195312,0.8908352851867676
93,KG-SAMI-240432,J144952.53+012737.91,222.46885681152344,1.4605300426483154,0.04884,7.1543255,82.15057,0.56122255,5.7680397,82.15057373046875,0.5612225532531738
94,KG-SAMI-493028,J143657.60-012354.60,219.24002075195312,-1.3984999656677246,0.05031,4.395747,95.9227,0.9143289,4.5247393,95.92269897460938,0.9143288731575012
95,KG-SAMI-63302,J142131.03-001247.23,215.3792724609375,-0.2131199985742569,0.05209,6.660507,5.7758484,0.54982024,4.8834057,5.775848388671875,0.5498202443122864
96,KG-SAMI-63777,J142731.72-001724.47,216.88217163085938,-0.29012998938560486,0.05372,5.9247656,141.41464,0.9376414,5.891101,141.41464233398438,0.9376413822174072
97,KG-SAMI-485882,J143055.64-014506.73,217.73182678222656,-1.751870036125183,0.05285,1.9524635,169.20218,0.9311552,1.7778671,169.20217895507812,0.9311552047729492
98,KG-SAMI-485919,J143118.20-014855.33,217.82583618164062,-1.815369963645935,0.05196,5.0837855,165.77222,0.77036923,4.5247393,165.772216796875,0.7703692317008972
