tables/tab_OH_cen.ecsv~
# %ECSV 1.0
# ---
# datatype:
# - {name: KGAS_ID, datatype: string}
# - {name: cubename, datatype: string}
# - {name: OH_Mar13_N2, datatype: float64}
# - {name: e_OH_Mar13_N2, datatype: float64}
# - {name: OH_Mar13_O3N2, datatype: float64}
# - {name: e_OH_Mar13_O3N2, datatype: float64}
# - {name: OH_T04, datatype: float64}
# - {name: e_OH_T04, datatype: float64}
# - {name: OH_Pet04_N2_lin, datatype: float64}
# - {name: e_OH_Pet04_N2_lin, datatype: float64}
# - {name: OH_Pet04_N2_poly, datatype: float64}
# - {name: e_OH_Pet04_N2_poly, datatype: float64}
# - {name: OH_Pet04_O3N2, datatype: float64}
# - {name: e_OH_Pet04_O3N2, datatype: float64}
# - {name: OH_Kew02_N2O2, datatype: float64}
# - {name: e_OH_Kew02_N2O2, datatype: float64}
# - {name: OH_Pil10_ONS, datatype: float64}
# - {name: e_OH_Pil10_ONS, datatype: float64}
# - {name: OH_Pil10_ON, datatype: float64}
# - {name: e_OH_Pil10_ON, datatype: float64}
# - {name: OH_Pil11_NS, datatype: float64}
# - {name: e_OH_Pil11_NS, datatype: float64}
# - {name: OH_Cur20_RS32, datatype: float64}
# - {name: e_OH_Cur20_RS32, datatype: float64}
# - {name: OH_Cur20_R3, datatype: float64}
# - {name: e_OH_Cur20_R3, datatype: float64}
# - {name: OH_Cur20_O3O2, datatype: float64}
# - {name: e_OH_Cur20_O3O2, datatype: float64}
# - {name: OH_Cur20_S2, datatype: float64}
# - {name: e_OH_Cur20_S2, datatype: float64}
# - {name: OH_Cur20_R2, datatype: float64}
# - {name: e_OH_Cur20_R2, datatype: float64}
# - {name: OH_Cur20_N2, datatype: float64}
# - {name: e_OH_Cur20_N2, datatype: float64}
# - {name: OH_Cur20_R23, datatype: float64}
# - {name: e_OH_Cur20_R23, datatype: float64}
# - {name: OH_Cur20_O3N2, datatype: float64}
# - {name: e_OH_Cur20_O3N2, datatype: float64}
# - {name: OH_Cur20_O3S2, datatype: float64}
# - {name: e_OH_Cur20_O3S2, datatype: float64}
# - {name: OH_KK04, datatype: float64}
# - {name: e_OH_KK04, datatype: float64}
# - {name: OH_Pil16_R, datatype: float64}
# - {name: e_OH_Pil16_R, datatype: float64}
# - {name: OH_Pil16_S, datatype: float64}
# - {name: e_OH_Pil16_S, datatype: float64}
# - {name: OH_Ho, datatype: float64}
# - {name: e_OH_Ho, datatype: float64}
# - {name: U_Dors_O32, datatype: float64}
# - {name: e_U_Dors_O32, datatype: float64}
# - {name: U_Dors_S, datatype: float64}
# - {name: e_U_Dors_S, datatype: float64}
# - {name: U_Mor16_O23_fs, datatype: float64}
# - {name: e_U_Mor16_O23_fs, datatype: float64}
# - {name: U_Mor16_O23_ts, datatype: float64}
# - {name: e_U_Mor16_O23_ts, datatype: float64}
# - {name: NH_Pil16_R, datatype: float64}
# - {name: e_NH_Pil16_R, datatype: float64}
# - {name: NO_Pil16_R, datatype: float64}
# - {name: e_NO_Pil16_R, datatype: float64}
# - {name: NO_Pil16_Ho_R, datatype: float64}
# - {name: e_NO_Pil16_Ho_R, datatype: float64}
# - {name: NO_Pil16_N2_R2, datatype: float64}
# - {name: e_NO_Pil16_N2_R2, datatype: float64}
# - {name: Ne_Oster_S, datatype: float64}
# - {name: e_Ne_Oster_S, datatype: float64}
# delimiter: ','
# schema: astropy-2.0
KGAS_ID,cubename,OH_Mar13_N2,e_OH_Mar13_N2,OH_Mar13_O3N2,e_OH_Mar13_O3N2,OH_T04,e_OH_T04,OH_Pet04_N2_lin,e_OH_Pet04_N2_lin,OH_Pet04_N2_poly,e_OH_Pet04_N2_poly,OH_Pet04_O3N2,e_OH_Pet04_O3N2,OH_Kew02_N2O2,e_OH_Kew02_N2O2,OH_Pil10_ONS,e_OH_Pil10_ONS,OH_Pil10_ON,e_OH_Pil10_ON,OH_Pil11_NS,e_OH_Pil11_NS,OH_Cur20_RS32,e_OH_Cur20_RS32,OH_Cur20_R3,e_OH_Cur20_R3,OH_Cur20_O3O2,e_OH_Cur20_O3O2,OH_Cur20_S2,e_OH_Cur20_S2,OH_Cur20_R2,e_OH_Cur20_R2,OH_Cur20_N2,e_OH_Cur20_N2,OH_Cur20_R23,e_OH_Cur20_R23,OH_Cur20_O3N2,e_OH_Cur20_O3N2,OH_Cur20_O3S2,e_OH_Cur20_O3S2,OH_KK04,e_OH_KK04,OH_Pil16_R,e_OH_Pil16_R,OH_Pil16_S,e_OH_Pil16_S,OH_Ho,e_OH_Ho,U_Dors_O32,e_U_Dors_O32,U_Dors_S,e_U_Dors_S,U_Mor16_O23_fs,e_U_Mor16_O23_fs,U_Mor16_O23_ts,e_U_Mor16_O23_ts,NH_Pil16_R,e_NH_Pil16_R,NO_Pil16_R,e_NO_Pil16_R,NO_Pil16_Ho_R,e_NO_Pil16_Ho_R,NO_Pil16_N2_R2,e_NO_Pil16_N2_R2,Ne_Oster_S,e_Ne_Oster_S
[from data line 408]
404,KG-SAMI-592863,8.40308656047084,0.0545942634806677,8.400298309994929,0.040820476591219075,8.923701955038672,0.17658359724487735,8.482029719392429,0.06735655883978475,8.443927860492481,0.08055613484904062,8.531646517671668,0.06103996499621535,8.811687305312914,0.17023955068075763,8.158384258135742,0.2597078609871084,8.189781680186922,0.34076118745776907,8.089602546024901,0.31606306396228007,8.633269642313014,0.043537086020192524,8.638109062380344,0.047262531503432945,8.559178834906469,0.10188955406679627,8.720768868371453,0.03557205954181706,8.735267863684268,0.07924208846744486,8.553443662850254,0.06315340319405792,8.693285111466379,0.0900177744951596,8.614380080272731,0.043614681553599655,8.754467654151233,0.0012551934873209576,8.990397057042605,0.11350710640433577,8.283489715423718,0.2819916790497764,8.186134241838026,0.24131907619262072,8.31770213334735,0.1566185482813142,2.521224235032776,0.33654375346604604,3.479232215132729,0.1095856106379521,3.2015959321419007,0.6510190640818596,3.1039843722902716,0.2758555356279066,7.345228717636906,0.34613116557896956,0.9659822535436821,0.31807363722119614,0.9974773899719788,0.22472180385050014,1.0035215159887656,0.19228261983910613,2.34599710508165,0.544061073015387
405,KG-SAMI-63027,8.434620461428706,0.08878643444594161,8.495272229396216,0.1251157121186511,8.735163683859101,0.21422407683943398,8.467134403795558,0.12994427937827036,8.459190071418018,0.1523950598753529,8.648953805980966,0.16684262431538494,8.726915168582115,0.3425736479080843,7.992875337745294,0.21137607700004693,7.936045524042171,0.1964563642710579,7.995971635590067,0.29914640635741174,8.503517109077046,0.14345382176775032,8.5705370893664,0.13204306353994216,8.553032145026414,0.1297859187078516,8.705644573751053,0.018654545869665085,8.650164067543018,0.12218631949480327,8.54083156006946,0.133943377454572,8.640096545686196,0.12943178660862728,8.655523691711064,0.09566363278582303,8.710941515312834,0.0,8.813425334557323,0.15402238081837036,8.1056409594047,0.29940239989425366,8.22756697920057,0.2486909644469204,8.319307189218627,0.09322317782858518,2.7412919019821502,0.6218727879474815,4.289116774798992,0.8852890405018008,3.7008705850757364,1.2029670324229969,3.299590201670616,0.5097317933995751,6.882803092320043,0.4136701699536078,1.783298130713017,0.3611028420164112,1.7213479480236726,0.14486143779490804,1.147323482265779,0.18949148854587622,3.2101037629278593,0.26045304235417593
406,KG-SAMI-463264,8.52652224584337,0.023162345912077803,8.522765348573074,0.0437448578593008,8.956932003983226,0.2573425771349467,8.63217750080215,0.026820197168778336,8.66152856498861,0.04805204211769524,8.714708501242663,0.06541287156530964,8.980177544523917,0.16978635954382787,8.575569034589078,0.12117483115152863,8.55201913205253,0.10991084318223539,8.52663449172264,0.07667517273543221,8.728560816758248,0.03857642487081876,8.721896503207752,0.04600723487437586,8.662793658341862,0.1010460831011506,8.778611736318172,0.02571716418843457,8.748377102873077,0.055531764257338946,8.704079060303584,0.032646966954998205,8.666724077250548,0.11917997802359945,8.73490782035089,0.039173646921603834,8.783972673789732,0.048531618202739366,9.056750767769698,0.3166779030698316,8.58194599025119,0.13650792653087587,8.511701749176845,0.1276536902051058,8.627642365416836,0.10684646544678174,2.970012940604761,0.4508073014087738,3.2425879391961527,0.06995828234685811,4.072917653328798,0.8720534682989396,3.465956754345245,0.3695141814826016,7.756263318978242,0.3485999688749291,0.7997222409778186,0.2903644958865715,0.8948034462503656,0.24050500006374378,0.8477055687573507,0.21676682492384294,2.2864584142128246,0.4049298725091471
407,KG-MaNGA-1-38470,8.521727665126917,0.005201038413953506,8.454070916048607,0.007645699212173116,8.763190078810617,0.02863091972671993,8.627010754132673,0.006416865575656965,8.6519569629011,0.011662845129634683,8.61197999132097,0.011432821251847733,8.871909095208288,0.015498727369307934,8.44646866989694,0.011618171030701695,8.44755663241952,0.01046746834228376,8.429670269898182,0.01656783084480046,8.641835404469065,0.009751922328988187,8.640114523558415,0.010549490898197745,8.67605637317242,0.01357740734726432,8.703732968417476,0.009167872258636587,8.655030108143478,0.017494172427091233,8.697074761258234,0.007570491549287678,8.588036624269789,0.022071829838097086,8.671332299621046,0.007631061236915959,8.558432799914103,0.012777621787861243,8.901482517918186,0.020812026884461952,8.526015475683044,0.049479509012787526,8.485452640170159,0.05218085770634954,8.55283546861261,0.013546417228428653,2.893023615639551,0.04821059795208202,3.4282963734338954,0.011315128795392518,3.9193646593244678,0.09325984521878158,3.3916779100170973,0.039516883567280336,7.5585551881052675,0.03593936199358922,0.9702172597407244,0.05245737887333581,0.9969576919310393,0.02610850694496768,1.0026104545501207,0.02051516501778439,1.327903751100186,0.2732286689399609
408,KG-MaNGA-1-38299,8.53221876998936,0.004338183634400685,8.585845805222979,0.013998636110507112,9.11606916139149,0.01902845242652011,8.63995141695334,0.005352304484000804,8.676034766620202,0.01015225172844683,8.809036125161645,0.020932539978328356,9.085574755462433,0.017717456072535175,8.618191710108754,0.02209536410598804,8.622031880604078,0.017117893299820282,8.586292408243352,0.024402368318287296,8.78776339716333,0.00957204069838648,8.796475705996125,0.013907916964923883,8.722310202650865,0.02570293893645371,8.79497988751015,0.005867014201578677,8.8309431366442,0.008534842270301015,8.712960911670143,0.006813764834732528,8.83706546125839,0.005601179116039301,8.79508987353546,0.012177694027660644,8.726938953697015,0.015754130806125477,9.038222955520714,0.006712474241886664,8.611288072371377,0.02440066192788788,8.545594562234625,0.03453190101981656,8.66208637953316,0.014704976981061511,3.06034030182716,0.09518198437581334,3.1972766124694347,0.018670310745099866,4.242511651540235,0.18412252715321267,3.5291946432130112,0.07801801998017487,7.93609066560477,0.047833235737552424,0.6775342777879172,0.04471554947249832,0.7277841437322959,0.03551975115235634,0.6551828417098068,0.03422031436964185,1.4866679373316176,0.3653311677160237
409,KG-MaNGA-1-604037,8.448056098411238,0.07658479068039815,8.389524778797659,0.07799961229420956,8.040479940008026,0.6301737798979082,8.544071467493392,0.12027764946064708,8.497398701778678,0.14459931399711323,8.502982019913603,0.12242512228741351,8.915728559020552,0.25334247985393776,8.348262712434824,0.0976412308605494,8.221703732853813,0.07588167216771538,8.268524477352912,0.18390908315543364,8.489070806573286,0.10062606403878115,8.474890930084799,0.0827909086953882,8.352244560714892,0.15803553667125575,8.78776301694637,0.01999417717635321,8.68843260578158,0.07034476349837063,8.547127370597627,0.12159361885143065,8.62439810044208,0.09450453205931576,8.541423995125273,0.13878727955557318,8.67217244489076,0.04162848142903767,9.859755651868761,0.852586107077032,8.544709169058272,0.2517013219790597,8.313782050062171,0.17337675633321764,8.41686047267424,0.05346040103641722,1.9166514575521643,0.6551451152125515,3.8679575388832697,0.7263284007840022,2.064319219340499,1.2673298950013288,2.6900553592531997,0.5370041927971733,7.035612493039812,0.5537110042039881,1.717530728671662,0.5177599195358812,1.308235200880612,0.1415934498908162,0.9336064421707919,0.2284928576907537,3.1407530859798354,0.3499865939539277
410,KG-MaNGA-1-139929,8.321699899457661,0.10535147158091207,8.284454056472073,0.043471232321768485,8.259101120190042,2.701706186098904,9.600595342250587,0.1518162636898699,8.338552916958838,0.1597982687496893,8.344858290762325,0.0774474576541057,8.383294982769021,0.32827581035156195,8.046057604369361,0.2928893847331211,7.782006235303508,0.3818846416052889,7.885570498503744,0.30868504463619956,8.498940366122063,0.12908490613461385,8.474493708227698,0.1068971192481424,8.569409577077522,0.09572545283495701,8.643207735844376,0.12022453522053614,8.7192617591188,0.06751033733786127,8.419464959583369,0.14618213087268556,8.570138715662655,0.12824917762203503,8.43399267685244,0.09760976924198872,8.708171578808905,0.08152604999371442,11.04832998771837,1.8393454341089253,8.50935906506687,0.3873908966658747,8.056352910950215,0.30467649681510744,8.272942586705835,0.39989927345918325,2.6080451904880464,0.41821031134155495,3.3607866807047495,0.47348763290937074,3.366590274265781,0.8089969957098934,3.183417003958023,0.34279533716520916,6.232891616664627,0.7079231888056746,1.9151596696875055,0.5347012117797745,2.0277340027813167,0.4903035201002378,1.403553726810977,0.19965434044272645,3.183008464694897,0.46105402715370714
411,KG-SAMI-220332,8.4979289215624,0.016153381661643866,8.590071838784105,0.05391671342542449,9.20152751085131,0.30806013225442797,8.613007468010748,0.01992949685527492,8.601587766626052,0.033330135329547074,8.808240931402233,0.07398374112491538,9.087115501644071,0.15554473924106033,8.69980410018618,0.11140361546578607,8.684614762086357,0.11671483559518976,8.643225165340834,0.07019019729394735,8.79820523465798,0.028921325619276433,8.785477321160656,0.03251994967559458,8.676221575157488,0.09513313773463568,8.814472186848288,0.01564812918407727,8.770708173275175,0.036546442175878935,8.664832806619616,0.021436999856665265,8.71688032433367,0.06727230084850529,8.779625190889284,0.03239333488944311,8.807481701024786,0.0133107755071579,9.034405695489703,0.09444598980441059,8.564843702021406,0.09656512730762896,8.512221900532273,0.0823787057583711,8.640850689118475,0.12031625044462745,3.1789206516264312,0.6850748967637605,3.1372604627481073,0.06562112712263415,4.48820111959933,1.3252268494774384,3.6821454313377906,0.5615368006260332,7.929028246723356,0.3812370356373673,0.6859537204264076,0.31040156683523223,0.7752448107008614,0.2206314448621616,0.717369180023154,0.20014626343083974,2.0559546450748307,0.43914525175625546
412,KG-SAMI-230793,8.417764270455407,0.10274142010737239,8.500233502428792,0.11781571142705043,8.339422310983664,0.8790101234408965,8.503129631288743,0.15327806176700662,8.368281251768046,0.17258265137099904,8.63926705359716,0.15387642331618742,8.645486781931838,0.3055386925222473,8.032020146707444,0.1703750211866138,7.923779755641047,0.28206978750571754,7.980674980462604,0.2309802212054931,8.497167612576591,0.12135580636739714,8.577658781853492,0.11616836648238485,8.579244403955116,0.13595991094774576,8.694460744113437,0.025569667776408435,8.64841965851972,0.09483944619187297,8.468315234401423,0.12985254275337066,8.554938958547753,0.07934069608750162,8.627228371586371,0.12595454813504955,8.695759462133829,0.04047344812364037,8.353707989682084,0.23745808183550762,8.208648723211253,0.19645823653832395,8.17786901614128,0.3427656364405219,8.289343190262633,0.11614216696476368,2.8812232822612045,0.7075559885403977,4.332563173527536,1.0161129016679087,3.958651868680794,1.3687148630781463,3.394827132956462,0.5799639250331129,7.021908865135561,0.41762583450998525,1.2937288938701144,0.2992512639092253,1.3848454516505184,0.27338284663345663,1.295039714308214,0.14370382852728278,3.065114542724965,0.2529402776392107
413,KG-SAMI-287827,8.62376448452121,0.02058877378101483,8.4626559410268,0.0289441863806224,8.744452491354718,0.18552892726125295,8.690732117019786,0.0022102860816408665,8.777155009085028,0.0047769647470046195,8.624805518315071,0.043281026363547526,9.146748880747722,0.07496520989064578,8.485782891094452,0.06587259969391161,8.429200164664852,0.06985468619736854,8.27820641145256,0.05453927767193321,8.464232239796639,0.06375928743833163,8.484438001302983,0.0555879856122031,8.39774254262235,0.09833985391187834,8.681783176378632,0.0,8.76148969314978,0.04903385105655208,8.790635274445451,0.0046916837658468324,8.591354029562938,0.10429110859134844,8.679331079583513,0.028678497234845817,8.808984298245713,0.032343769922877456,8.822514081250334,0.21689744713981965,8.816617936649232,0.1000042820872354,8.760932094910855,0.11940104106440241,9.024864676349528,0.06973089450827147,2.0532247516377775,0.25098489167167815,3.802301415751906,0.08233803366406091,2.3071565850981424,0.48551175765996757,2.704820077639598,0.20572532104235913,8.404316983435775,0.15059114913202828,0.42924171031687336,0.1860843265259257,0.6180295335096566,0.09671970882606004,0.6304546878695426,0.11747372248561672,2.1040682008208718,0.37683453875330253
414,KG-SAMI-609396,8.373764529172346,0.005729343504573346,8.281666668773537,0.016385814988382392,8.652574464798501,0.12231295201009001,8.444501753230426,0.007068670557590379,8.389550267505467,0.007772809018743155,8.354182188276292,0.02450215325365585,8.766080062760686,0.010683403445091104,8.365663880370558,0.017067912695162706,8.46948448210686,0.01790070644687507,8.377708155765315,0.019366918802570195,8.45964797648811,0.040217613777651914,8.450405841160807,0.03679157896889516,8.43503498742087,0.03285438240856455,8.797133678015136,0.006227057319964924,8.707291474297254,0.0069985025922008615,8.51863982720964,0.006270535849256419,8.49822424666345,0.09892270079609768,8.481504357322324,0.019942731172556356,8.066957802364477,0.05673091236694779,8.764750552730742,0.12802337661540014,8.388040689913069,0.0580862696937831,8.304871748597153,0.056700796266766135,8.345919992512888,0.01679632293827081,2.1340846067406978,0.09221411291351947,3.1884834323873146,0.020176403195026244,2.4530006689033126,0.17838139875074263,2.7696379218485774,0.0755853384537045,7.336515924792342,0.04755139619626451,1.052522462754196,0.0629873000631849,1.0105738419711747,0.03947078036124518,1.0863063370323995,0.011075395587266609,2.3252181463861934,0.21402434110498994
415,KG-SAMI-289197,8.453208511628393,0.0785380575994801,8.472257927727679,0.09917147416933902,8.739777284328797,0.4741895977548496,8.538652988260745,0.13433112516370418,8.519324342500752,0.14854100690275673,8.634537442120866,0.14985635927731417,inf,0.2280491514409539,inf,0.1583700604969449,8.37898094402323,0.08728244724189843,8.270632820075193,0.22320083305677196,8.510559658184484,0.10964516985929092,8.608759321900749,0.10195109673516659,8.481794165199672,0.18998647119499074,8.668141318358009,0.11274239818380473,8.706461566339097,0.007939873764205298,8.571431617990308,0.13779644476483724,8.672584676951178,0.07533290075927133,8.642220933706277,0.09144797313116453,8.626565590110088,0.015192476716924109,48.93977648173832,0.19945608939286677,inf,0.12695685167991438,8.146481388080225,0.22635697480747813,8.441077698555285,0.08556527316695434,inf,0.7232406506283777,4.175921022112181,0.9316811174559447,3.189995585387369,1.3990556848221076,3.11693580827342,0.5928202054330965,inf,0.3839082079900132,1.3525500071265535,0.2078442291878318,1.0874528991191599,0.027700749685830493,0.9640014249373077,0.22856969620374998,3.3066322418723875,0.4405127069960575
