tables/tab_KG_sel_add.ecsv
# %ECSV 1.0
# ---
# datatype:
# - {name: KGAS_ID, datatype: int64}
# - {name: cubename, datatype: string}
# - {name: IAUNAME, datatype: string}
# - {name: RA, datatype: float64}
# - {name: DEC, datatype: float64}
# - {name: Z, datatype: float32}
# - {name: R50_ARCSEC, datatype: float32}
# - {name: PETRO_PHI50, datatype: float32}
# - {name: PETRO_BA50, datatype: float32}
# - {name: PETRO_TH50, datatype: float32}
# - {name: PA, datatype: float64}
# - {name: BA, datatype: float64}
# delimiter: ','
# schema: astropy-2.0
KGAS_ID,cubename,IAUNAME,RA,DEC,Z,R50_ARCSEC,PETRO_PHI50,PETRO_BA50,PETRO_TH50,PA,BA
[from data line 99]
100,KG-SAMI-485924,J143143.38-014935.76,217.93075561523438,-1.8265999555587769,0.05178,3.0181582,110.03049,0.94582385,3.1072798,110.03048706054688,0.9458238482475281
101,KG-SAMI-619095,J143208.40+002440.10,218.03501892089844,0.41113999485969543,0.05267,3.2397246,86.562195,0.9296456,2.9010565,86.56219482421875,0.9296455979347229
102,KG-MaNGA-1-212392,J213835.95-081333.31,324.6498107910156,-8.225919723510742,0.05141,3.4721494,44.20166,0.90752953,3.4206963,44.20166015625,0.9075295329093933
103,KG-MaNGA-1-212462,J214305.79-070406.38,325.7741394042969,-7.068439960479736,0.05008,5.596362,25.837585,0.9534723,5.538606,25.83758544921875,0.9534723162651062
104,KG-MaNGA-1-212693,J214404.71-082734.74,326.0196228027344,-8.459650039672852,0.05376,9.461576,12.543579,0.78140694,7.415717,12.5435791015625,0.7814069390296936
105,KG-MaNGA-1-212396,J213834.59-075425.74,324.6441345214844,-7.907149791717529,0.05248,4.8247504,104.73349,0.8660149,6.485511,104.73348999023438,0.8660148978233337
106,KG-MaNGA-1-212496,J214255.69-063553.23,325.7320251464844,-6.598120212554932,0.05436,2.2818878,133.59985,0.8213902,1.9999015,133.599853515625,0.8213902115821838
107,KG-MaNGA-1-212493,J214307.32-064811.38,325.780517578125,-6.803160190582275,0.0541,4.426668,117.651886,0.87246704,3.862174,117.65188598632812,0.872467041015625
108,KG-MaNGA-1-109679,J215456.66-091808.75,328.736083984375,-9.302430152893066,0.05155,6.9108887,127.27615,0.7585652,6.069683,127.27615356445312,0.7585651874542236
109,KG-MaNGA-1-98506,J214515.16-081606.28,326.31317138671875,-8.268409729003906,0.05141,2.1136165,155.54944,0.8176369,2.0345325,155.5494384765625,0.8176369071006775
110,KG-MaNGA-1-212813,J214504.98-072427.65,326.270751953125,-7.407680034637451,0.05244,5.582072,130.75009,0.704905,4.4306955,130.75009155273438,0.7049049735069275
111,KG-MaNGA-1-212222,J214415.62-085233.17,326.0650939941406,-8.875880241394043,0.05159,3.738999,169.20096,0.6706315,2.9861822,169.20095825195312,0.6706315279006958
112,KG-MaNGA-1-78783,J100511.74+032114.94,151.29893493652344,3.3541500568389893,0.04494,7.144983,70.566284,0.8394312,5.9222746,70.5662841796875,0.8394312262535095
113,KG-MaNGA-1-182803,J101600.21+061505.18,154.00086975097656,6.251440048217773,0.04583,5.4786506,103.0087,0.97716737,5.8398056,103.00869750976562,0.9771673679351807
114,KG-MaNGA-1-78873,J100816.04+045455.37,152.0668182373047,4.915380001068115,0.04198,7.5133286,29.566147,0.6350901,5.732084,29.566146850585938,0.6350901126861572
115,KG-MaNGA-1-1258,J100209.94-001121.26,150.5414276123047,-0.1892399936914444,0.04471,3.0651815,66.99278,0.82411814,2.6412144,66.99278259277344,0.8241181373596191
116,KG-MaNGA-1-78665,J100024.31+042405.87,150.10130310058594,4.40162992477417,0.0433,3.0997972,178.33722,0.94062525,2.9352481,178.33721923828125,0.9406252503395081
117,KG-MaNGA-1-1151,J100647.98-003013.14,151.69992065429688,-0.5036500096321106,0.04465,4.5656347,167.0892,0.8806076,4.0930257,167.08920288085938,0.8806076049804688
118,KG-MaNGA-1-79095,J101758.99+051822.54,154.4957733154297,5.306260108947754,0.04268,4.225499,1.0386047,0.60492384,3.1796188,1.038604736328125,0.6049238443374634
119,KG-MaNGA-1-1278,J100204.09+004115.11,150.51705932617188,0.687529981136322,0.04515,2.9914446,99.59924,0.84658533,2.8192232,99.5992431640625,0.8465853333473206
120,KG-MaNGA-1-78452,J100108.32+031646.70,150.28466796875,3.279639959335327,0.04746,6.4422407,128.22241,0.89996946,6.2114077,128.222412109375,0.8999694585800171
121,KG-MaNGA-1-78627,J095806.50+042200.16,149.52708435058594,4.366710186004639,0.04308,8.736697,90.56857,0.75464827,6.793319,90.56857299804688,0.7546482682228088
122,KG-MaNGA-1-37126,J025856.56-004558.00,44.73564910888672,-0.7661100029945374,0.04351,2.9701052,111.27402,0.7012932,2.2783794,111.27401733398438,0.7012931704521179
123,KG-MaNGA-1-37385,J030510.61-010431.69,46.2942008972168,-1.075469970703125,0.04506,8.032782,31.646927,0.8194573,7.630973,31.646926879882812,0.8194572925567627
124,KG-MaNGA-1-36645,J024156.73-010150.12,40.48637008666992,-1.0305900573730469,0.04398,7.659622,22.510757,0.88841176,6.6137266,22.510757446289062,0.8884117603302002
125,KG-MaNGA-1-109234,J030359.38+002534.97,45.99742889404297,0.4263800084590912,0.04093,2.1652818,135.2085,0.78981805,1.887634,135.20849609375,0.7898180484771729
126,KG-MaNGA-1-36867,J025254.54-002403.89,43.22726821899414,-0.40108001232147217,0.04331,4.8310475,167.01355,0.7426859,3.9238105,167.0135498046875,0.7426859140396118
127,KG-MaNGA-1-37796,J030705.89-010803.84,46.774539947509766,-1.1344000101089478,0.04228,8.724913,81.89453,0.2914569,14.147447,81.89453125,0.2914569079875946
128,KG-MaNGA-1-547747,J030400.59-004537.22,46.00244903564453,-0.7603399753570557,0.0449,3.2261329,138.88544,0.7305306,2.9512923,138.88543701171875,0.7305306196212769
129,KG-MaNGA-1-36975,J024605.05-003903.46,41.52104949951172,-0.6509600281715393,0.04432,2.0700188,117.50516,0.9196692,2.0609949,117.50515747070312,0.9196692109107971
130,KG-MaNGA-1-36942,J024703.04-003852.62,41.76264953613281,-0.6479499936103821,0.04487,2.7027485,153.15717,0.7823286,2.4021425,153.15716552734375,0.7823286056518555
131,KG-MaNGA-1-109073,J024837.63-003315.44,42.15678024291992,-0.5542899966239929,0.04359,7.5472426,43.55426,0.5038058,5.32902,43.55426025390625,0.5038058161735535
132,KG-SAMI-346046,J084829.02+020433.67,132.12091064453125,2.0760200023651123,0.04292,2.63,nan,nan,,174.0102583133832,0.8398856933818284
133,KG-SAMI-323575,J084901.38+013426.22,132.25576782226562,1.5739500522613525,0.04331,6.43,nan,nan,,2.969457427148498,0.7923139997909592
134,KG-SAMI-278846,J085546.71+004805.65,133.94461059570312,0.8015699982643127,0.04138,3.4696293,125.367004,0.6386778,2.7990863,125.36700439453125,0.6386777758598328
135,KG-SAMI-278773,J085432.40+005112.60,133.635009765625,0.8535000085830688,0.04143,1.61,nan,nan,,89.11750448681084,0.7958422889269254
136,KG-SAMI-550330,J090046.71-003356.56,135.19464111328125,-0.5657100081443787,0.04028,5.3358545,106.621826,0.50570166,3.8384094,106.621826171875,0.5057016611099243
137,KG-SAMI-203729,J090011.08-001806.59,135.04615783691406,-0.301829993724823,0.04191,1.9371182,37.98056,0.95234007,1.9151742,37.980560302734375,0.9523400664329529
138,KG-MaNGA-1-117026,J230213.10+135413.14,345.5545959472656,13.903650283813477,0.03823,4.4869666,121.15646,0.47463602,5.2305455,121.15646362304688,0.4746360182762146
139,KG-MaNGA-1-117663,J231307.47+141753.84,348.2811279296875,14.298290252685547,0.03993,6.0225754,87.78723,0.5016514,4.2247095,87.7872314453125,0.501651406288147
140,KG-MaNGA-1-117122,J225752.35+144658.58,344.4681396484375,14.782939910888672,0.0384,7.656317,83.73386,0.35601282,11.456174,83.73385620117188,0.35601282119750977
141,KG-MaNGA-1-117388,J230536.57+133721.15,346.4023742675781,13.622540473937988,0.03579,2.1261866,159.59073,0.79470485,1.8073671,159.59072875976562,0.7947048544883728
142,KG-MaNGA-1-116972,J230332.34+131251.34,345.884765625,13.21426010131836,0.03895,1.5903045,111.36902,0.8333967,1.4685299,111.3690185546875,0.8333966732025146
143,KG-MaNGA-1-116700,J225734.89+130234.55,344.3953552246094,13.042929649353027,0.03689,2.1216593,39.02678,0.9263021,2.1049664,39.02677917480469,0.9263020753860474
144,KG-MaNGA-1-118083,J231940.08+145136.94,349.9169921875,14.860260009765625,0.04074,9.622495,98.65277,0.68117124,8.0343,98.65277099609375,0.6811712384223938
145,KG-MaNGA-1-118034,J231756.37+135352.12,349.48486328125,13.897809982299805,0.03957,5.785265,165.21109,0.7525721,4.9396195,165.21109008789062,0.7525721192359924
146,KG-MaNGA-1-117465,J230710.32+150035.46,346.7929992675781,15.009849548339844,0.03641,9.190679,58.04695,0.9576024,8.957146,58.04695129394531,0.9576023817062378
147,KG-MaNGA-1-117381,J230616.44+135856.42,346.5684814453125,13.982339859008789,0.03554,5.3481774,0.5979004,0.7386817,4.5969496,0.597900390625,0.7386816740036011
148,KG-MaNGA-1-37478,J025923.20-011000.08,44.8466796875,-1.1666899919509888,0.02824,2.7893374,117.19571,0.91573685,2.6472237,117.19570922851562,0.9157368540763855
149,KG-MaNGA-1-38103,J031315.16-000538.08,48.31317901611328,-0.09391000121831894,0.02856,2.0658762,138.24857,0.92503726,2.2190433,138.24856567382812,0.9250372648239136
150,KG-MaNGA-1-37908,J031109.00+001406.65,47.78749084472656,0.23518000543117523,0.02642,6.0209293,1.362793,0.775307,5.1121736,1.36279296875,0.7753069996833801
151,KG-MaNGA-1-37415,J030523.28-001431.60,46.34701919555664,-0.2421099990606308,0.0288,7.280048,109.62137,0.6958306,5.9663672,109.62136840820312,0.6958305835723877
152,KG-MaNGA-1-37421,J030451.14-000304.86,46.21308135986328,-0.051350001245737076,0.03155,3.2144368,109.89322,0.74663377,2.5997255,109.89321899414062,0.746633768081665
153,KG-MaNGA-1-109112,J024526.62+005436.47,41.360931396484375,0.9101300239562988,0.02497,2.255412,46.43927,0.9283211,2.1298423,46.43927001953125,0.928321123123169
154,KG-MaNGA-1-36849,J024352.57+000909.54,40.969051361083984,0.15264999866485596,0.02731,10.200041,101.60919,0.28225476,7.7106576,101.60919189453125,0.28225475549697876
155,KG-MaNGA-1-36847,J024436.70+000831.60,41.15291976928711,0.14211000502109528,0.02828,3.812275,105.38937,0.79271674,3.34924,105.38937377929688,0.7927167415618896
156,KG-MaNGA-1-37407,J030439.50-005028.72,46.16460037231445,-0.8413100242614746,0.02753,8.313097,161.70837,0.7142514,6.6516833,161.7083740234375,0.7142513990402222
157,KG-MaNGA-1-118178,J232336.91+151532.33,350.90380859375,15.258979797363281,0.0434,3.519982,49.216553,0.7494934,2.7396982,49.216552734375,0.749493420124054
158,KG-MaNGA-1-118337,J232741.24+141428.11,351.9218444824219,14.241140365600586,0.04017,7.1515737,165.07492,0.73825186,5.8600917,165.07492065429688,0.7382518649101257
159,KG-MaNGA-1-118238,J232711.70+145834.79,351.79876708984375,14.976329803466797,0.04014,-99.0,48.435013,0.4159869,5.471516,48.43501281738281,0.41598689556121826
160,KG-MaNGA-1-118223,J232531.73+152211.75,351.3822021484375,15.369930267333984,0.04023,5.5014668,30.130615,0.40533677,6.243227,30.130615234375,0.40533676743507385
161,KG-MaNGA-1-117938,J232453.13+142059.64,351.22137451171875,14.349900245666504,0.04086,3.9242556,144.10797,0.9441934,3.7814956,144.10797119140625,0.944193422794342
162,KG-MaNGA-1-118444,J232644.36+154253.86,351.6848449707031,15.714960098266602,0.04575,5.3575325,134.63364,0.888448,4.8834057,134.63363647460938,0.8884479999542236
163,KG-MaNGA-1-118480,J232707.28+151337.24,351.78033447265625,15.227009773254395,0.04199,3.1283479,81.58667,0.7899065,2.5586913,81.586669921875,0.7899065017700195
164,KG-MaNGA-1-118217,J232603.68+153254.60,351.5153503417969,15.548500061035156,0.0438,3.3031523,58.378693,0.65688944,2.8891404,58.378692626953125,0.6568894386291504
165,KG-MaNGA-1-118369,J232603.13+143746.60,351.5130615234375,14.629610061645508,0.042,2.7393498,56.70749,0.8017896,2.2568378,56.707489013671875,0.8017895817756653
166,KG-MaNGA-1-117936,J232442.38+143631.68,351.17657470703125,14.608799934387207,0.04094,3.1937037,44.84755,0.87415874,2.8891404,44.84754943847656,0.8741587400436401
167,KG-MaNGA-1-382566,J075200.66+154530.67,118.00273895263672,15.758520126342773,0.05034,8.198241,54.92868,0.9552778,7.2894897,54.928680419921875,0.9552778005599976
168,KG-MaNGA-1-412119,J075125.87+163606.62,117.8577880859375,16.601839065551758,0.05357,5.602877,154.95477,0.8579295,5.1629157,154.95477294921875,0.857929527759552
169,KG-MaNGA-1-556959,J075405.26+143712.18,118.52191925048828,14.620050430297852,0.05186,2.9527898,175.69574,0.7701201,2.4791281,175.69573974609375,0.7701200842857361
170,KG-MaNGA-1-411980,J075312.11+151428.72,118.3004379272461,15.241310119628906,0.05021,7.1230454,160.39905,0.47780067,5.3855677,160.3990478515625,0.4778006672859192
171,KG-MaNGA-1-458712,J075534.99+140104.48,118.89578247070312,14.01791000366211,0.05127,2.7142072,110.12338,0.85406137,2.3914557,110.12338256835938,0.8540613651275635
172,KG-MaNGA-1-382349,J074815.89+173607.77,117.06619262695312,17.60215950012207,0.05255,3.955711,117.37695,0.8677116,3.7963612,117.376953125,0.86771160364151
173,KG-MaNGA-1-297970,J074547.23+181845.29,116.44679260253906,18.312580108642578,0.05202,4.497059,158.09613,0.90404457,4.3148437,158.09613037109375,0.9040445685386658
174,KG-MaNGA-1-458697,J075349.30+142402.70,118.45543670654297,14.400750160217285,0.0495,4.1765475,79.08588,0.74583834,3.4355025,79.08587646484375,0.7458383440971375
175,KG-MaNGA-1-458614,J075322.56+131303.43,118.34398651123047,13.217619895935059,0.04784,8.05858,79.76648,0.78368104,7.875165,79.7664794921875,0.7836810350418091
176,KG-MaNGA-1-458609,J075328.86+130559.89,118.37024688720703,13.099969863891602,0.04742,2.662479,33.399033,0.94932103,2.843757,33.39903259277344,0.9493210315704346
177,KG-MaNGA-1-60570,J100433.47+014715.90,151.13946533203125,1.787750005722046,0.03099,6.4344654,142.85095,0.8696088,5.8984685,142.8509521484375,0.8696088194847107
178,KG-MaNGA-1-1093,J100116.52+000715.13,150.31881713867188,0.12087000161409378,0.03219,5.8834763,127.22165,0.5409728,4.208272,127.22164916992188,0.5409728288650513
179,KG-MaNGA-1-79052,J101559.95+045717.14,153.99977111816406,4.9547600746154785,0.03203,3.2465029,104.073395,0.864648,2.9682302,104.07339477539062,0.8646479845046997
180,KG-MaNGA-1-78439,J100345.69+034034.82,150.94036865234375,3.676340103149414,0.02905,5.0566597,110.11127,0.7583291,4.2811437,110.11126708984375,0.7583290934562683
181,KG-MaNGA-1-78239,J095340.09+032900.92,148.41702270507812,3.4835898876190186,0.03065,2.6045866,152.3489,0.97306114,2.6677465,152.34890747070312,0.9730611443519592
182,KG-MaNGA-1-78213,J095407.27+031023.16,148.53030395507812,3.173099994659424,0.03031,8.881991,137.00494,0.66489387,7.1654105,137.00494384765625,0.6648938655853271
183,KG-MaNGA-1-78353,J095035.08+044623.23,147.64617919921875,4.773119926452637,0.03025,9.792085,60.561417,0.7580248,8.556317,60.56141662597656,0.7580248117446899
184,KG-MaNGA-1-60629,J095751.85+014519.48,149.46603393554688,1.7554099559783936,0.03199,3.7464025,157.61423,0.7672674,2.9263885,157.61422729492188,0.7672674059867859
185,KG-MaNGA-1-55399,J094740.17+013600.47,146.91738891601562,1.6001299619674683,0.03057,3.5648572,161.71832,0.90800613,3.3472633,161.71832275390625,0.9080061316490173
186,KG-MaNGA-1-78766,J100729.30+034025.14,151.87210083007812,3.673650026321411,0.02833,5.1623993,79.86023,0.78372526,5.1710205,79.8602294921875,0.7837252616882324
187,KG-MaNGA-1-55513,J095720.55+015506.89,149.3356170654297,1.9185800552368164,0.03202,10.275602,83.308075,0.9462478,9.59387,83.30807495117188,0.9462478160858154
188,KG-MaNGA-1-78252,J095250.40+033556.62,148.20999145507812,3.59906005859375,0.03084,8.928412,132.06223,0.34817636,6.427166,132.06222534179688,0.34817636013031006
189,KG-MaNGA-1-1243,J100252.08+000407.46,150.71701049804688,0.06874000281095505,0.03246,3.725333,65.89603,0.8709344,3.2903047,65.89602661132812,0.8709344267845154
190,KG-SAMI-371889,J085311.59+005534.57,133.2982940673828,0.9262700080871582,0.05898,3.9906826,75.07124,0.68405586,3.2342815,75.07124328613281,0.6840558648109436
191,KG-SAMI-202531,J084039.84-002447.92,130.166015625,-0.4133099913597107,0.05799,-99.0,nan,nan,,15.622692638459995,0.7310933670595425
192,KG-SAMI-549313,J084418.79-003107.14,131.07827758789062,-0.5186499953269958,0.05727,2.073489,155.91351,0.80588347,1.9546419,155.91351318359375,0.8058834671974182
193,KG-SAMI-214860,J084735.20+003342.62,131.89666748046875,0.5618399977684021,0.0584,5.748339,3.785736,0.7184831,4.949468,3.785736083984375,0.7184830904006958
194,KG-SAMI-371976,J085443.22+010545.35,133.68008422851562,1.0959299802780151,0.05796,2.8039558,131.89478,0.81309354,2.4791281,131.894775390625,0.8130935430526733
195,KG-MaNGA-1-214291,J084844.48+041955.34,132.1853485107422,4.332039833068848,0.05972,3.363084,61.49037,0.9692655,3.2902873,61.49037170410156,0.9692655205726624
196,KG-MaNGA-1-213726,J084900.06+042037.61,132.250244140625,4.343780040740967,0.05895,5.65384,153.3439,0.80458504,4.7185736,153.34390258789062,0.8045850396156311
197,KG-SAMI-301381,J085428.20+011207.31,133.61749267578125,1.2020299434661865,0.05857,4.611101,98.250244,0.73364455,4.2811437,98.250244140625,0.7336445450782776
