tables/tab_OH_Re.ecsv
# %ECSV 1.0
# ---
# datatype:
# - {name: KGAS_ID, datatype: string}
# - {name: cubename, datatype: string}
# - {name: OH_Mar13_N2, datatype: float64}
# - {name: e_OH_Mar13_N2, datatype: float64}
# - {name: OH_Mar13_O3N2, datatype: float64}
# - {name: e_OH_Mar13_O3N2, datatype: float64}
# - {name: OH_T04, datatype: float64}
# - {name: e_OH_T04, datatype: float64}
# - {name: OH_Pet04_N2_lin, datatype: float64}
# - {name: e_OH_Pet04_N2_lin, datatype: float64}
# - {name: OH_Pet04_N2_poly, datatype: float64}
# - {name: e_OH_Pet04_N2_poly, datatype: float64}
# - {name: OH_Pet04_O3N2, datatype: float64}
# - {name: e_OH_Pet04_O3N2, datatype: float64}
# - {name: OH_Kew02_N2O2, datatype: float64}
# - {name: e_OH_Kew02_N2O2, datatype: float64}
# - {name: OH_Pil10_ONS, datatype: float64}
# - {name: e_OH_Pil10_ONS, datatype: float64}
# - {name: OH_Pil10_ON, datatype: float64}
# - {name: e_OH_Pil10_ON, datatype: float64}
# - {name: OH_Pil11_NS, datatype: float64}
# - {name: e_OH_Pil11_NS, datatype: float64}
# - {name: OH_Cur20_RS32, datatype: float64}
# - {name: e_OH_Cur20_RS32, datatype: float64}
# - {name: OH_Cur20_R3, datatype: float64}
# - {name: e_OH_Cur20_R3, datatype: float64}
# - {name: OH_Cur20_O3O2, datatype: float64}
# - {name: e_OH_Cur20_O3O2, datatype: float64}
# - {name: OH_Cur20_S2, datatype: float64}
# - {name: e_OH_Cur20_S2, datatype: float64}
# - {name: OH_Cur20_R2, datatype: float64}
# - {name: e_OH_Cur20_R2, datatype: float64}
# - {name: OH_Cur20_N2, datatype: float64}
# - {name: e_OH_Cur20_N2, datatype: float64}
# - {name: OH_Cur20_R23, datatype: float64}
# - {name: e_OH_Cur20_R23, datatype: float64}
# - {name: OH_Cur20_O3N2, datatype: float64}
# - {name: e_OH_Cur20_O3N2, datatype: float64}
# - {name: OH_Cur20_O3S2, datatype: float64}
# - {name: e_OH_Cur20_O3S2, datatype: float64}
# - {name: OH_KK04, datatype: float64}
# - {name: e_OH_KK04, datatype: float64}
# - {name: OH_Pil16_R, datatype: float64}
# - {name: e_OH_Pil16_R, datatype: float64}
# - {name: OH_Pil16_S, datatype: float64}
# - {name: e_OH_Pil16_S, datatype: float64}
# - {name: OH_Ho, datatype: float64}
# - {name: e_OH_Ho, datatype: float64}
# - {name: U_Dors_O32, datatype: float64}
# - {name: e_U_Dors_O32, datatype: float64}
# - {name: U_Dors_S, datatype: float64}
# - {name: e_U_Dors_S, datatype: float64}
# - {name: U_Mor16_O23_fs, datatype: float64}
# - {name: e_U_Mor16_O23_fs, datatype: float64}
# - {name: U_Mor16_O23_ts, datatype: float64}
# - {name: e_U_Mor16_O23_ts, datatype: float64}
# - {name: NH_Pil16_R, datatype: float64}
# - {name: e_NH_Pil16_R, datatype: float64}
# - {name: NO_Pil16_R, datatype: float64}
# - {name: e_NO_Pil16_R, datatype: float64}
# - {name: NO_Pil16_Ho_R, datatype: float64}
# - {name: e_NO_Pil16_Ho_R, datatype: float64}
# - {name: NO_Pil16_N2_R2, datatype: float64}
# - {name: e_NO_Pil16_N2_R2, datatype: float64}
# - {name: Ne_Oster_S, datatype: float64}
# - {name: e_Ne_Oster_S, datatype: float64}
# delimiter: ','
# schema: astropy-2.0
KGAS_ID,cubename,OH_Mar13_N2,e_OH_Mar13_N2,OH_Mar13_O3N2,e_OH_Mar13_O3N2,OH_T04,e_OH_T04,OH_Pet04_N2_lin,e_OH_Pet04_N2_lin,OH_Pet04_N2_poly,e_OH_Pet04_N2_poly,OH_Pet04_O3N2,e_OH_Pet04_O3N2,OH_Kew02_N2O2,e_OH_Kew02_N2O2,OH_Pil10_ONS,e_OH_Pil10_ONS,OH_Pil10_ON,e_OH_Pil10_ON,OH_Pil11_NS,e_OH_Pil11_NS,OH_Cur20_RS32,e_OH_Cur20_RS32,OH_Cur20_R3,e_OH_Cur20_R3,OH_Cur20_O3O2,e_OH_Cur20_O3O2,OH_Cur20_S2,e_OH_Cur20_S2,OH_Cur20_R2,e_OH_Cur20_R2,OH_Cur20_N2,e_OH_Cur20_N2,OH_Cur20_R23,e_OH_Cur20_R23,OH_Cur20_O3N2,e_OH_Cur20_O3N2,OH_Cur20_O3S2,e_OH_Cur20_O3S2,OH_KK04,e_OH_KK04,OH_Pil16_R,e_OH_Pil16_R,OH_Pil16_S,e_OH_Pil16_S,OH_Ho,e_OH_Ho,U_Dors_O32,e_U_Dors_O32,U_Dors_S,e_U_Dors_S,U_Mor16_O23_fs,e_U_Mor16_O23_fs,U_Mor16_O23_ts,e_U_Mor16_O23_ts,NH_Pil16_R,e_NH_Pil16_R,NO_Pil16_R,e_NO_Pil16_R,NO_Pil16_Ho_R,e_NO_Pil16_Ho_R,NO_Pil16_N2_R2,e_NO_Pil16_N2_R2,Ne_Oster_S,e_Ne_Oster_S
[from data line 379]
375,KG-MaNGA-1-41030,8.44706190733273,0.04610988699172587,8.424596287711664,0.042219730536969514,8.723881942146487,0.35134665787057145,8.653844243994836,0.05678788793142861,8.5119288100869,0.07530429201131406,8.566454425100915,0.0636445577310924,8.723011642566265,0.1319470880387974,8.29311807370532,0.17311083826576373,8.237840623449438,0.23502903420931487,8.210700663633324,0.22687162329452423,8.610448362083222,0.045039580691232296,8.620065648393224,0.04564144665855287,8.659263282886018,0.049552435340947144,8.71145704215351,0.03567282188369272,8.681700722641882,0.038981502639941094,8.593244533240489,0.05609376148232759,8.579290598410246,0.09815566649344931,8.627949758240941,0.043019746301421434,8.778256369078491,0.02464254136102428,9.09062264990977,0.3169321233000693,8.442957302037076,0.16637364884186184,8.282002544133698,0.14052632117441377,8.403474058172772,0.12072927421805182,2.9288235153281206,0.24020413937553614,3.5646612455403948,0.17668789984304512,4.000270428395645,0.46465718764447966,3.4514565852106793,0.19688863883240668,7.233408415212508,0.24527566846113058,1.1570443094744485,0.20239253081081893,1.2628377890297688,0.17711756148916794,1.1757865789033684,0.1169180572029585,2.4400736931385105,0.3784826021360438
376,KG-MaNGA-1-39946,8.376838086964513,0.03559068963529441,8.363209978170396,0.023164801849078515,8.749972701399827,0.136247154184943,8.465259297442351,0.05117540325489848,8.398628167594696,0.054217654214659836,8.472959493892105,0.03548612215326937,8.679631366952291,0.10170361047885446,8.236502450973331,0.13927588827931536,8.202780058358638,0.1991026486909505,8.143669444732526,0.1911262983610594,8.603230965775152,0.021501142693521727,8.602090200480772,0.021416800278722017,8.61423639454499,0.028918739778208906,8.710461342368149,0.039680515248804685,8.666639756637203,0.04555938441924592,8.512550863716502,0.04858179163849265,8.59152099158465,0.07420821771748322,8.567028020953797,0.0311681200941657,8.802222215532815,0.018863907220252243,8.890107325186845,0.14517984633840764,8.270666360347446,0.16595739513529306,8.1790339921252,0.15401241482317063,8.254354650590148,0.0937213070156869,2.7061316081107014,0.10926726537089736,3.431283693162792,0.07387016537281006,3.5626650681405616,0.21136946416009655,3.240495520610673,0.08956333227122736,7.119947794356543,0.18279226602396492,1.1832745579116832,0.18375375814905437,1.1797198365322268,0.1211679636891994,1.1751733396521702,0.07485689865110617,2.2667243255378606,0.3837725721620294
377,KG-MaNGA-1-39922,8.54096990168619,0.050270257865770045,8.446462307030773,0.04568020561062605,8.07863307560347,1.0289410518441744,8.798761969346216,0.05771450409924734,8.651556103309574,0.08103815880187029,8.599187030935086,0.07046594003783692,8.823475559464109,0.13807187249966754,8.211372358495474,0.18119027195666407,8.175222977332396,0.229130923967373,8.156731197946367,0.20389769985339354,8.479340452456693,0.08093713270040763,8.514620608049677,0.07387339019049202,8.58668783273756,0.05227817622167739,8.721323767698989,0.045683399652083366,8.71042110954545,0.06644151669175091,8.680998307732152,0.06482080246537372,8.592269026309397,0.0695555897688,8.648331999740188,0.0514300457274329,8.728576621625256,0.05469400378393729,8.776987673309279,1.3542295735335383,8.652990678869601,0.27637518175353365,8.424635662560066,0.24679528122820887,8.719219962386843,0.23849835190927204,2.6289508234739833,0.20974774618435674,4.090322887965658,0.31361600165210285,3.411474519532367,0.4057415417992475,3.1784618256321893,0.17192438211832523,7.464880513770964,0.3613257518874847,1.0505482445343226,0.3398305239364583,1.3281793807706546,0.40272225813820556,1.159762706013734,0.13991246757763798,2.7375960091657734,0.4311784841612027
378,KG-MaNGA-1-41257,8.570391900121708,0.0428750820570952,8.51860975700827,0.07856491873894342,8.433577784736565,1.280939363232712,9.039581658738726,0.05081651149634264,8.688374358969664,0.07571812241518064,8.702646437911117,0.11645538830894568,8.996333703623797,0.20409314300721879,8.454282099036059,0.1531131172491557,8.388220476626536,0.17414872657915165,8.37535522349133,0.15447859970523312,8.596772660224612,0.10720502463536069,8.62181920274965,0.09962125909267622,8.582706286455831,0.13093705191803742,8.731927142788386,0.042355484566539925,8.749034798708054,0.04155330747307371,8.694053810372905,0.05392523578572609,8.657165428885401,0.09640540037454624,8.702518112313221,0.07182395732753652,8.669123340088372,0.04712373101170996,10.162283420951518,1.4262806604626737,11.833553791945553,0.1776766512834628,8.557496737308286,0.15263150441650672,8.846532993238617,0.21401433132916334,2.832663590725923,0.6164139904477169,3.749422526793445,0.4347486863636787,3.8293008261877954,1.1924073913578788,3.372969838476464,0.5052573692194402,7.8005324761721155,0.42085999613579334,0.98908825711378,0.3501875712948608,1.246071753065793,0.3714078129042874,1.0112883927052363,0.22358230815135735,3.006767024103328,0.43782704440399073
379,KG-MaNGA-1-41258,8.537449043600434,0.062192489100721476,8.492608966644314,0.09433665142276526,8.39819719355456,2.001406679766251,10.790450773485073,0.07772290822103187,8.613762615788602,0.10340819304358675,8.661325037620527,0.1411671806150305,8.953236066925905,0.21742047309176282,8.364933143835298,0.15854509082441612,8.320868016098597,0.20683114140393102,8.355401930997848,0.17002482315112047,8.544671021349634,0.12891157833278363,8.558357887847546,0.11750664671687747,8.54816192435322,0.13842851594330224,8.681724793891684,0.05741230030741816,8.732629352212477,0.04424544097231698,8.629630005061744,0.07918947532738536,8.6251742197914,0.09905372566648601,8.666420879184805,0.09790825037453701,8.624800206330558,0.04050063768697182,9.521216984110994,1.9194615622284017,9.825772984152293,0.27081832084272245,8.581089043284559,0.18852145905650503,8.971800385788331,0.31024231939808683,2.680418332217246,0.6207845638450229,3.687906852605478,0.6339833627978801,3.525344340365101,1.2008619431756178,3.249125725450816,0.5088398064303465,7.7188184409910034,0.5114061426328769,1.088374007348293,0.41840487349819105,1.6302973909465825,0.47772128577811185,1.2124005656695853,0.21992465276053402,3.1663219887873746,0.3582211530806575
380,KG-MaNGA-1-229070,8.526224785268127,0.005619249372993065,8.515628300821344,0.009323843696071369,8.922631006244394,0.02710651208223988,8.632563728715525,0.006932840135510916,8.662323118127533,0.012866929209518782,8.704047231569342,0.01394219618104129,8.943270782217507,0.01713518435152895,8.51738386017307,0.01855203239490289,8.511199096548603,0.013617763656915648,8.508024347340712,0.019187670507226817,8.717638165952504,0.00874146094995975,8.71942373072347,0.010968210364136456,8.725201731285434,0.015784251820506582,8.739919854509877,0.01137190997846026,8.701278070174258,0.02284471734576209,8.703941728904034,0.00849422600635548,8.707990890549603,0.020541828342636372,8.730801345296557,0.008716898570369674,8.766491869844916,0.011902876899122214,8.996425348794915,0.009918488665245861,8.5433289569597,0.04055738024345232,8.508811482180713,0.04450915337308028,8.584561936587153,0.015346600899164824,3.073978929654922,0.06001894727271545,3.3346812808834243,0.021351313485698468,4.269808359839445,0.11610222587181024,3.5401252163774752,0.04919585842025857,7.642251942469823,0.04162588191133563,0.902981923431695,0.047378667917872284,0.9436597666675605,0.029955504780778134,0.9004097028638409,0.02577347432180291,1.9605510669389694,0.2949738113542028
381,KG-MaNGA-1-229064,8.508933720698789,0.03734593976448944,8.46161255705857,0.05557457564237956,8.249274091345054,1.387082926666705,9.669188892963673,0.04461002782212272,8.600539580382856,0.06385924671166995,8.620513253458341,0.08412585351016286,8.726816027041377,0.19213583798425052,8.37911027570251,0.15013139890092755,8.31290962964238,0.16125598548747125,8.314752727480839,0.1435449104019374,8.598623876499657,0.07008231004389551,8.629604937785265,0.06966590166524594,8.68489662317974,0.06422283688198377,8.686618716452733,0.041069390274800804,8.704727111060116,0.04111036664888581,8.650372995018698,0.046985559747763445,8.553598184686125,0.10272114019836673,8.663864436165046,0.0544197222183961,8.71833338993309,0.0434073638479267,10.943632786290499,2.647225001144978,16.839575799507788,0.2125457558066755,8.274085004100616,0.15401910216124376,8.540675962474397,0.1713238574350564,3.2395630215861293,0.4098759034236923,3.825054544480912,0.15376648964412318,4.603568292209383,0.7928746984261589,3.7205802181278567,0.3359638552653216,7.219791820523608,0.36330831397207775,1.1662025750982024,0.2654926717035634,1.4982875565441665,0.36541554003190135,1.2940183336426199,0.16923280852209396,2.645680840381049,0.3923030491099162
382,KG-MaNGA-1-202091,8.47115602052088,0.06941152782285204,8.496445224342834,0.09137571465028702,8.73147512927683,0.5810663954259601,8.588194205745806,0.09180605593684127,8.498017991106428,0.11192636574005488,8.667601490320777,0.1376809426425484,8.933956387162446,0.22164527574449294,8.300944522352951,0.1222347917058722,8.280765475974542,0.1518110478269639,8.155710441015875,0.24239393868404813,8.552048511398999,0.11677918821134074,8.591096886188057,0.10238073667591546,8.491367380246478,0.15884726482454756,8.740425059003945,0.024773238764243685,8.728212154875647,0.06318756153251721,8.553882858069672,0.08024014835855786,8.645989824446294,0.08628569305668518,8.657056870893276,0.09075417043445767,8.679939868277483,0.04821615833930511,8.980063904917545,0.27424638344368474,8.386089399948077,0.24123545590130482,8.35695577138685,0.25182744669379153,8.649041236106907,0.15147910170248832,2.5097928088916204,0.6486370776182089,4.143303795015744,0.6743612829183865,3.250157397999974,1.2547405763762072,3.1159282025869857,0.5316697357526302,7.485233193568853,0.3865909461642283,1.23530804297363,0.3583719101186721,1.2163854130854215,0.176251757811494,1.0087754537327018,0.17091026428410772,3.066110366863587,0.35788890924638106
383,KG-MaNGA-1-289864,8.461166490649239,0.0718448475015401,8.524903545873023,0.09979787703922292,8.609820990517228,0.8554323916137134,8.7456757592478,0.09534961452484866,8.478809335241275,0.11490586051370824,8.699962888735916,0.1490148624142674,8.96568618958186,0.23371002855803716,8.251566021761416,0.13187077874067973,8.257455817030742,0.1754587945469891,8.145903388039832,0.2004773192481885,8.560136319592244,0.11919377404957472,8.61426558072016,0.10309566965982622,8.506029943280538,0.1556797403695776,8.702829402918878,0.03148384065531511,8.713090613258668,0.06171972092552205,8.534469464827746,0.08834806764134584,8.6373870945454,0.07581457455571498,8.664772003736614,0.09640414894918109,8.670244945389593,0.030324243801336484,9.189495964924449,0.5941533714673072,8.575442363031788,0.2557501297083322,8.397303872385784,0.23902934721638536,8.739459797655691,0.1627175634630977,2.567183710517343,0.6678995191533552,4.158095053270123,0.8264356162049493,3.341061786393033,1.2920023485261627,3.165841024974403,0.5474586222568486,7.626804735650585,0.4274970039135985,1.2553033029540257,0.31045716127983286,1.5767174135974233,0.20353553310595912,1.0331391374657555,0.16849236056619887,3.1707556658435347,0.33979514672003946
384,KG-MaNGA-1-550945,8.481319466718226,0.06756777631334082,8.507732259077283,0.10276945874663593,8.655889188608105,0.7400109004875095,8.879586459599247,0.08749123238350792,8.516750012769126,0.1068353604720941,8.676442487434903,0.1544773021290643,8.902055722680291,0.2385919532184691,8.249793932606877,0.11724397118469762,8.248560605998431,0.14541769098724733,8.190490185437806,0.1903164141075866,8.546276271577263,0.12653951936879662,8.58572976509985,0.1115527635114842,8.527589882531844,0.15055874594557708,8.716724732630457,0.027452532233462144,8.714735434787347,0.05311021393162534,8.561325729271356,0.08224482370635083,8.635027848072104,0.08531635724131661,8.654187859193964,0.10318038094894096,8.645303279903938,0.016125124199540795,9.060073627441607,0.566708349334489,8.637830615265543,0.19283649626923208,8.40272215504986,0.17168537415037077,8.708501231968507,0.15342707952506704,2.6657722903668852,0.6607659346343207,4.165396567723435,0.8122594368954116,3.5279703210416216,1.2782029555221284,3.249792121396416,0.5416114218314103,7.649762520184919,0.37035564871709437,1.1727620847804299,0.2500121076311994,1.4212472756589856,0.15655960815504705,1.0490354453928976,0.16951633656348314,3.140898249510214,0.2999957023878693
385,KG-MaNGA-1-289865,8.469779430952876,0.06561451477934176,8.509983223164692,0.1025212508467379,8.655629362556576,0.6130042587049642,8.585369753929376,0.0869022832588578,8.496834741786746,0.10426362570615641,8.683292800449484,0.1523670917698861,8.868436670439916,0.24255263611934275,8.231343578622527,0.07238012150119075,8.24435135368244,0.10320970204568838,8.11601219325995,0.16594520796959025,8.544912534135007,0.1176255440328195,8.604141490645196,0.10634581939687164,8.54416436981657,0.1394388741755255,8.714447584370422,0.020215584297373294,8.707828827451708,0.050448103184508764,8.554829658978237,0.07915805092002627,8.624763528128119,0.0826105205196975,8.662847301867057,0.10049137659023764,8.650336276578884,0.01880744994599022,8.937280204319276,0.5445986982620157,8.64319373827611,0.20178078060097493,8.365210978755373,0.19626088704055183,8.683886097924638,0.11064148467325527,2.7397640083967327,0.6673668108797168,4.258999291466427,0.8243290714388206,3.6797995781839363,1.2909718636689604,3.3182972676267957,0.5470219761309155,7.520609159323932,0.3028690060790313,1.339755807202471,0.19984056852991966,1.3410661652250722,0.09866043320504213,1.0414561343461364,0.16073733177432578,3.2167904729728436,0.346381183822392
386,KG-MaNGA-1-180172,8.509872777743693,0.0548034284514887,8.520422377960566,0.07141661630625869,8.79253895669294,0.7446495086144664,8.963916069159492,0.06642787103267593,8.618211234765074,0.0865043360042538,8.700943731969145,0.10734055673354014,8.945850137976175,0.17207545531285184,8.443354494002824,0.11068492018528173,8.394580580925846,0.10897457922308049,8.349090222124874,0.13089637422962078,8.62957108043035,0.08381386812115364,8.6521790053029,0.08021955623708381,8.615083320101641,0.10468286068406418,8.722306846592096,0.03959553910617776,8.736965186557212,0.0467124965404593,8.647223278100597,0.06897207166705438,8.670376272524392,0.07911407909295418,8.696596928406537,0.06869188395002704,8.715104001117208,0.038321311163072615,9.400623702008229,0.6958431525296304,9.318055519119198,0.16074671072413624,8.565366454801522,0.1324696584356008,8.718032948892041,0.12659576377451598,2.933127613986437,0.5016460350947616,3.658634781764483,0.46684727843991003,4.044999248186237,0.9703972482160962,3.4728615870489783,0.41118527466783733,7.630006372278845,0.29713975979714874,1.1313943082737743,0.23089137028036422,1.2175168483886318,0.2138960832196032,1.0183883377224252,0.14960140136527136,2.9053695733274973,0.37794932054201474
