tables/tab_OH_FoV.ecsv~
# %ECSV 1.0
# ---
# datatype:
# - {name: KGAS_ID, datatype: string}
# - {name: cubename, datatype: string}
# - {name: OH_Mar13_N2, datatype: float64}
# - {name: e_OH_Mar13_N2, datatype: float64}
# - {name: OH_Mar13_O3N2, datatype: float64}
# - {name: e_OH_Mar13_O3N2, datatype: float64}
# - {name: OH_T04, datatype: float64}
# - {name: e_OH_T04, datatype: float64}
# - {name: OH_Pet04_N2_lin, datatype: float64}
# - {name: e_OH_Pet04_N2_lin, datatype: float64}
# - {name: OH_Pet04_N2_poly, datatype: float64}
# - {name: e_OH_Pet04_N2_poly, datatype: float64}
# - {name: OH_Pet04_O3N2, datatype: float64}
# - {name: e_OH_Pet04_O3N2, datatype: float64}
# - {name: OH_Kew02_N2O2, datatype: float64}
# - {name: e_OH_Kew02_N2O2, datatype: float64}
# - {name: OH_Pil10_ONS, datatype: float64}
# - {name: e_OH_Pil10_ONS, datatype: float64}
# - {name: OH_Pil10_ON, datatype: float64}
# - {name: e_OH_Pil10_ON, datatype: float64}
# - {name: OH_Pil11_NS, datatype: float64}
# - {name: e_OH_Pil11_NS, datatype: float64}
# - {name: OH_Cur20_RS32, datatype: float64}
# - {name: e_OH_Cur20_RS32, datatype: float64}
# - {name: OH_Cur20_R3, datatype: float64}
# - {name: e_OH_Cur20_R3, datatype: float64}
# - {name: OH_Cur20_O3O2, datatype: float64}
# - {name: e_OH_Cur20_O3O2, datatype: float64}
# - {name: OH_Cur20_S2, datatype: float64}
# - {name: e_OH_Cur20_S2, datatype: float64}
# - {name: OH_Cur20_R2, datatype: float64}
# - {name: e_OH_Cur20_R2, datatype: float64}
# - {name: OH_Cur20_N2, datatype: float64}
# - {name: e_OH_Cur20_N2, datatype: float64}
# - {name: OH_Cur20_R23, datatype: float64}
# - {name: e_OH_Cur20_R23, datatype: float64}
# - {name: OH_Cur20_O3N2, datatype: float64}
# - {name: e_OH_Cur20_O3N2, datatype: float64}
# - {name: OH_Cur20_O3S2, datatype: float64}
# - {name: e_OH_Cur20_O3S2, datatype: float64}
# - {name: OH_KK04, datatype: float64}
# - {name: e_OH_KK04, datatype: float64}
# - {name: OH_Pil16_R, datatype: float64}
# - {name: e_OH_Pil16_R, datatype: float64}
# - {name: OH_Pil16_S, datatype: float64}
# - {name: e_OH_Pil16_S, datatype: float64}
# - {name: OH_Ho, datatype: float64}
# - {name: e_OH_Ho, datatype: float64}
# - {name: U_Dors_O32, datatype: float64}
# - {name: e_U_Dors_O32, datatype: float64}
# - {name: U_Dors_S, datatype: float64}
# - {name: e_U_Dors_S, datatype: float64}
# - {name: U_Mor16_O23_fs, datatype: float64}
# - {name: e_U_Mor16_O23_fs, datatype: float64}
# - {name: U_Mor16_O23_ts, datatype: float64}
# - {name: e_U_Mor16_O23_ts, datatype: float64}
# - {name: NH_Pil16_R, datatype: float64}
# - {name: e_NH_Pil16_R, datatype: float64}
# - {name: NO_Pil16_R, datatype: float64}
# - {name: e_NO_Pil16_R, datatype: float64}
# - {name: NO_Pil16_Ho_R, datatype: float64}
# - {name: e_NO_Pil16_Ho_R, datatype: float64}
# - {name: NO_Pil16_N2_R2, datatype: float64}
# - {name: e_NO_Pil16_N2_R2, datatype: float64}
# - {name: Ne_Oster_S, datatype: float64}
# - {name: e_Ne_Oster_S, datatype: float64}
# delimiter: ','
# schema: astropy-2.0
KGAS_ID,cubename,OH_Mar13_N2,e_OH_Mar13_N2,OH_Mar13_O3N2,e_OH_Mar13_O3N2,OH_T04,e_OH_T04,OH_Pet04_N2_lin,e_OH_Pet04_N2_lin,OH_Pet04_N2_poly,e_OH_Pet04_N2_poly,OH_Pet04_O3N2,e_OH_Pet04_O3N2,OH_Kew02_N2O2,e_OH_Kew02_N2O2,OH_Pil10_ONS,e_OH_Pil10_ONS,OH_Pil10_ON,e_OH_Pil10_ON,OH_Pil11_NS,e_OH_Pil11_NS,OH_Cur20_RS32,e_OH_Cur20_RS32,OH_Cur20_R3,e_OH_Cur20_R3,OH_Cur20_O3O2,e_OH_Cur20_O3O2,OH_Cur20_S2,e_OH_Cur20_S2,OH_Cur20_R2,e_OH_Cur20_R2,OH_Cur20_N2,e_OH_Cur20_N2,OH_Cur20_R23,e_OH_Cur20_R23,OH_Cur20_O3N2,e_OH_Cur20_O3N2,OH_Cur20_O3S2,e_OH_Cur20_O3S2,OH_KK04,e_OH_KK04,OH_Pil16_R,e_OH_Pil16_R,OH_Pil16_S,e_OH_Pil16_S,OH_Ho,e_OH_Ho,U_Dors_O32,e_U_Dors_O32,U_Dors_S,e_U_Dors_S,U_Mor16_O23_fs,e_U_Mor16_O23_fs,U_Mor16_O23_ts,e_U_Mor16_O23_ts,NH_Pil16_R,e_NH_Pil16_R,NO_Pil16_R,e_NO_Pil16_R,NO_Pil16_Ho_R,e_NO_Pil16_Ho_R,NO_Pil16_N2_R2,e_NO_Pil16_N2_R2,Ne_Oster_S,e_Ne_Oster_S
[from data line 158]
157,KG-MaNGA-1-118178,8.451140639669507,0.05374892040191438,8.455056174806957,0.056520926586246495,8.615456671208248,0.60722833459511,8.779591715613343,0.07827967792524594,8.513182544151535,0.09305441264360985,8.609248252357574,0.0861710725032354,8.798889682986907,0.17436271466281114,8.346107948602729,0.14641786981418692,8.302379487368176,0.1681999241520394,8.298927489683487,0.17323481752539083,8.640003340059781,0.06637492841580837,8.639374498302391,0.06194124392854222,8.6497843354585,0.07058704153756137,8.732523984405482,0.049249596281405315,8.708925452894198,0.05350588141935672,8.58819094676814,0.07368485510056566,8.640632449278426,0.09003296062260988,8.646219481684607,0.06428543606607198,8.729098997056385,0.03839331861683048,9.612738442555841,0.7709595597494068,10.829010139937626,0.21228596240089959,8.31494409028968,0.18602991498565963,8.472872148799835,0.14869169558895587,2.9865021278467125,0.3501257673964309,3.475156686935882,0.27088759349862634,4.128047891003566,0.6772924680783418,3.5093278268666546,0.28698833393150075,7.309298357770783,0.3154762181910561,1.185156123108451,0.24982992138101123,1.4140940233632882,0.24394410310141826,1.1380406668005156,0.13484119266603867,2.903022437847145,0.3687770561150798
158,KG-MaNGA-1-118337,8.374808556026387,0.06959364836836975,8.374790300247607,0.052487221511047004,8.430798453820323,0.7927247612316654,8.777609938199712,0.10610601206843559,8.393987257590538,0.11058447433529926,8.486627736285108,0.08283646243268848,8.611019919528124,0.21665091605459585,8.177956100763227,0.22081446361304044,8.093445076000153,0.2758831727258888,8.082708903113843,0.28145939448111024,8.580247677762824,0.08499379406663539,8.582680219623802,0.07731620456173478,8.630599879853353,0.07586596125802104,8.66766905168122,0.07571182387727379,8.676680417297097,0.07291913425530056,8.494540852357652,0.1024132844370637,8.55520610295932,0.1280996838610768,8.557863722877,0.07770060054336692,8.718822413094115,0.06174848929212313,14.062079153749869,1.5206272568593833,27.170902274520483,0.2769131630618118,8.154984585872546,0.22447498414218134,8.306880150344522,0.22056424793540877,2.9111556507103953,0.36381678870788847,3.4429084824043064,0.2516656872692593,3.9704336743228312,0.7037767388119809,3.4336692285934975,0.29821048254744953,6.871378560019495,0.42154004176618587,1.4193213897078978,0.3500897329529813,1.603899639978038,0.3757149993724669,1.3056187378206514,0.15012080319699894,2.863498917645625,0.3872548933500391
159,KG-MaNGA-1-118238,8.469606245307773,0.06635476856308997,8.470194663239845,0.073507754161718,8.510972744316016,0.837341818696931,8.850578747978766,0.08312037957053948,8.533169122829056,0.10485698300118611,8.627933957022478,0.11133617597133799,8.786764204411519,0.2095319017437551,8.268481858974397,0.21883315990437888,8.203010574791078,0.24646275119075778,8.16158883035368,0.2587920750474203,8.595254059578401,0.09142073564845735,8.635549312805205,0.07856514660381157,8.628612735067136,0.09924606931361955,8.700864542244812,0.035937838301454396,8.707047291043514,0.06333201373278573,8.595135722345256,0.0823518106143763,8.611698582856297,0.09946520734491715,8.651396211101973,0.07670505298846207,8.715926581786116,0.03402062289390984,40.38495975104857,4.218806665515364,110.57789481478345,0.24474547854423423,8.271366902534329,0.22156698399164723,8.480770090891989,0.18888321327103771,2.9774072684576973,0.48158729763782376,3.9593721798353174,0.3863631516030651,4.11513347588741,0.931595100348577,3.5008968697309593,0.39474368658838016,7.242001373375491,0.4044097129161661,1.2865484927469144,0.3260970430177105,1.4361188802720133,0.317192551709167,1.1818859067868979,0.17833075243808624,3.06500048980062,0.3545164354962011
160,KG-MaNGA-1-118223,8.450062483348937,0.06740445537640334,8.451379784019075,0.07662113941567632,8.584182460277402,0.9510279903772271,9.005427096269663,0.09553405883619964,8.497684096042478,0.11370256403124598,8.598510881448865,0.11789179550433466,8.750343916610882,0.22351017065681467,8.276594839347581,0.16234965445996177,8.223935515985834,0.18661392180531772,8.209255711009552,0.19915599401542106,8.59933304554619,0.09205331775394833,8.612818341124468,0.08551377662367805,8.623607931938697,0.10133250257896859,8.685866417072095,0.05361945125694043,8.695386836984072,0.056770500875519124,8.569659684997125,0.09202299752533331,8.600451651550925,0.1041877999125029,8.63053292842862,0.08475166185560744,8.717984583693232,0.039638254107769964,16.961221336209913,0.8969590743282717,9.135693231490507,0.23971025410954758,8.296430837378459,0.19424418783306902,8.487088463474727,0.16336884219752845,2.987005783857321,0.5193845347077263,3.7025779051857524,0.43353205537918565,4.1337625823705535,1.0047110671395358,3.5213774893813428,0.4257250284489559,7.176155812921015,0.3968917865652414,1.347372161831634,0.3045900779670451,1.5214153265316124,0.29297135964478627,1.2246392416765588,0.16916092927749388,3.031943331048841,0.3350843361282685
161,KG-MaNGA-1-117938,8.47619006592662,0.05257355738741767,8.501208988569912,0.06861249613252914,8.624898276217419,0.5702560594395549,8.742866501730326,0.06912119054398924,8.535459466562315,0.08763390683587091,8.675006890418546,0.10273976958992025,8.852193424138166,0.168321229397649,8.337941455402694,0.16063794341881266,8.304690429290387,0.1636532601693477,8.253815124399415,0.19806285772354099,8.622278861995873,0.07779839273680755,8.656939029651863,0.07016645180487535,8.642862396290948,0.08710596319357135,8.708511966360549,0.02896353765309743,8.714574272035616,0.04896417538587551,8.599098737341263,0.06495110561263844,8.667248287506684,0.07280089515146206,8.67965925719247,0.06655778525179458,8.735420753075696,0.020487674249387102,9.752780839049676,0.7427132552071675,10.765007304914358,0.18687033697105088,8.317173123860217,0.17119082067013075,8.529637569747232,0.1265899031187673,3.009210509586381,0.43338172688224513,3.911725550159752,0.44548127274771565,4.188613303152388,0.8383449798705725,3.5422603311074763,0.35523092367397147,7.399911794805738,0.28695425317679424,1.1822361045504126,0.22164736764900916,1.3044108383397879,0.16617548860679535,1.0806155210182657,0.1291533032995109,2.7689095277147224,0.34518934963002157
162,KG-MaNGA-1-118444,8.491653026478376,0.07777604788542275,8.485138037413808,0.09044791580020926,8.417435889399075,1.388610332145704,9.255734280268829,0.10109994878807674,8.552506387357543,0.12859742471038607,8.648061950768204,0.13594076479670245,8.873338037075511,0.24825320381260102,8.319681605807165,0.17555033477602208,8.259939835249693,0.20471390257380762,8.252790945473095,0.21516243880909316,8.59632802456902,0.11367326636604615,8.61134595750881,0.10368445308682903,8.572191882999988,0.12908280950481113,8.69197059143559,0.06908298978283009,8.724916477015201,0.057072112353234845,8.599881815781805,0.09764272669431541,8.632824775353814,0.09782148736788643,8.649882609117931,0.09548180874096611,8.65215732158212,0.05601577397322186,35.16445302859079,3.5533145180265246,68.12253233934305,0.2607647629526066,8.36390878604364,0.2190868920763975,8.679113044910787,0.22881466451177965,2.8800264321577185,0.6429853905652014,3.699463756470778,0.5882017884184632,3.925007831029757,1.2438078046998977,3.423168033896356,0.5270372053813127,7.376710878929404,0.4815356420231249,1.3000707846207884,0.3746361730461577,1.6238442958649562,0.3747373168068866,1.1892087453443196,0.21494856152931424,3.119040080792386,0.37588971199045884
163,KG-MaNGA-1-118480,8.474589829478488,0.05069884866314412,8.439965463710294,0.04267755127523583,8.658321104580963,0.5059905359028825,8.73172789590181,0.07196603766760062,8.557486882561937,0.0917118718968662,8.586173249941549,0.06702744474455993,8.833196977026052,0.14177728036363976,8.392525124520372,0.12857795910852565,8.361714828129223,0.15461264350619908,8.3513013772343,0.15858708788156167,8.637206507147424,0.051194559936131784,8.63316546527724,0.05120941896750744,8.635499376865356,0.06535813613793759,8.720563157236061,0.05330431380078503,8.715847822443054,0.048444318634053685,8.62313780985984,0.06891843312140859,8.638380186946696,0.08499117662921267,8.640805753209191,0.05346718450247257,8.756392532936532,0.03350067370464445,9.359229503308004,0.5040844909088059,8.76936960412413,0.18818925402532788,8.371733390499756,0.15999096309065972,8.502778148611737,0.13364472588891624,2.8733072844875815,0.29484036436125977,3.363485960705884,0.20584720855331767,3.892919018642561,0.5703469343381746,3.4223782582941595,0.24167242980431128,7.378418537917804,0.3084977581893284,1.1440002478951028,0.26118326827230093,1.2710509276274382,0.22990193925486582,1.1090713487496444,0.1346338130800959,2.8486231200679644,0.3825568856301877
164,KG-MaNGA-1-118217,8.496290700484103,0.0486921312099087,8.43751480626351,0.05155133890994969,8.344122198437137,0.9880486539863721,8.962794395704316,0.06500905226462982,8.58723253910449,0.08433987120892145,8.584017155850646,0.07797866287798698,8.794438092982913,0.15411223039518648,8.35332092534851,0.13275754063380404,8.312745258434528,0.15424960136765126,8.329696829034331,0.14575619267618448,8.59988241802176,0.06814221959669083,8.60439226559628,0.06741693938163061,8.633357225869617,0.070880023915322,8.716704888170952,0.040871226240626904,8.676786445916363,0.05395082266483037,8.638329510613042,0.0664905002070466,8.563934720932007,0.08695020638353189,8.637544130679697,0.057221999098242625,8.670924054241018,0.04233901766885216,9.592650161260636,1.2143899105662723,10.404661988728252,0.19667883012740475,8.39133947930967,0.15124259116128283,8.568792665725354,0.18721706045464367,2.9181148738032436,0.33882574131845494,3.5375448916341843,0.21158905134994946,3.9887704929818937,0.6554334012389784,3.4503985355046463,0.2777260174741434,7.279166570923296,0.3494863051235108,1.2293241514020912,0.26439903761318007,1.4722950344139876,0.353765680546486,1.2269334079167284,0.1415518071143841,2.7378663587867123,0.3918565991853482
165,KG-MaNGA-1-118369,8.450079753477889,0.07121682599284745,8.421522773925219,0.06626882881311615,8.554676428927946,0.6655215144971093,8.672439560600928,0.09880868991282714,8.515496894700682,0.11627737135525078,8.555433524893386,0.10289963728735581,8.8219642996831,0.19899245284161987,8.288451482837191,0.15863163091828364,8.241866964666743,0.1848848717202542,8.23581967347801,0.20258610624905643,8.593336514597935,0.09630668769819566,8.590029423167731,0.08481923110899417,8.569007615830225,0.10300804385373018,8.716896417273484,0.060327524269129795,8.707219732320498,0.0677721273660767,8.580311441674677,0.09498489495840916,8.633442660514792,0.09633808862646673,8.604856392595707,0.08137256750967672,8.662733688529535,0.053060953720965955,9.160743109097915,0.6194931735616958,8.531108983789231,0.23146131277787538,8.342792211844353,0.1989501445420102,8.522850897226673,0.18358612206711253,2.708939009972078,0.46550750987169537,3.436017234936302,0.442455717316537,3.592368395260493,0.9004899371288535,3.3013023514053623,0.3815635326817175,7.2778781313706125,0.409595677101068,1.327252204820013,0.32714460732754375,1.558412845021268,0.2631817967967229,1.1081614070780326,0.1645935872250646,3.015117622494793,0.36076449350276496
166,KG-MaNGA-1-117936,8.461546169999716,0.06810255216460931,8.50443799163481,0.10156115146006482,8.590192197323757,0.7486819827467813,8.833092014360648,0.09552625642113201,8.491529234530555,0.11311540130073933,8.67169045783439,0.15348289262167253,8.763086411111205,0.2681224127855278,8.168190123120903,0.09375398827000503,8.169546079694015,0.12148621885789351,8.056584943220102,0.17076248006354441,8.543050121905946,0.11811162996240732,8.59324634097383,0.10505420208535357,8.561967641249133,0.13709350863694297,8.667401921492864,0.025914424217373326,8.705185438514114,0.05983611747663041,8.545366715766319,0.08482827455814813,8.618678068407277,0.08233247657476184,8.651726950447333,0.10557752988453423,8.648145124426613,0.018349581687313654,25.252642950763853,0.6475550020204568,8.971151451101424,0.24012205717526,8.33447830877349,0.21180867538249817,8.587909511129899,0.11089707615919682,2.827752796711307,0.6558227253723666,4.269231359153336,0.8372592356690597,3.853219915705862,1.2686406818678568,3.386425411888716,0.5375596109609564,7.264028532646805,0.3493368310589795,1.423464934882363,0.23434522636454558,1.7298415907807663,0.10823958567250179,1.1294276460562727,0.1701110955913828,3.18832921194754,0.3059270871711937
167,KG-MaNGA-1-382566,8.418146393724069,0.061078950053673454,8.408766542872392,0.04947303082838318,8.599846882000305,0.5140761982632026,8.719782940573513,0.08605850421648449,8.459457177900003,0.09737927481324626,8.53963433085446,0.07675548867035445,8.728305883274828,0.1659171006590741,8.30318114422753,0.15972166497560006,8.26324345830912,0.21166258146780334,8.236062688011119,0.20983179640762686,8.60481550924597,0.05848834320543263,8.60880829057294,0.056134809683506724,8.626067468921512,0.0591393611466591,8.70445286115528,0.0576791144553183,8.687014713358613,0.05628974013912373,8.55053725039267,0.08139818658318541,8.59334073314905,0.09182639911932501,8.60175792837559,0.060769643544318803,8.756521208999539,0.035088639655579866,9.353737419710129,0.6416303218860725,9.285716814196418,0.21973119395618348,8.253683526804291,0.19323833404154528,8.389630583614041,0.16994878523776297,2.842424943834617,0.2763587596030117,3.462285513603601,0.2530298600296304,3.8440124996222376,0.534595633330416,3.385053112560788,0.22652357344509158,7.17069125473525,0.3338703841678357,1.2118499439383559,0.2753544822933336,1.3893632572026875,0.249095167244791,1.2048630193149727,0.12647504074732674,2.6547732556432346,0.36914108798271467
168,KG-MaNGA-1-412119,8.518398613485466,0.05104739458482873,8.526491776383782,0.07941941600568236,8.727384432487558,0.6988380384056341,8.78394321486805,0.06571807855941694,8.620109909600155,0.08882432331898642,8.7110843979787,0.1192614703708704,8.990001556791409,0.17151116610870626,8.487533909495731,0.10654465269355153,8.438226701653058,0.10635119974155877,8.404797627774546,0.12212729733120382,8.648817544748871,0.08834659431184579,8.65805940780112,0.08453375816592627,8.596503517077673,0.11427599604108676,8.746174697588367,0.041512070375110004,8.749158042645035,0.04627316084818479,8.655518780569981,0.06780731516437126,8.678934695995865,0.07737454784957135,8.698160636854485,0.07450804080638423,8.718605184509864,0.03413091561113345,9.632048473841534,0.6985640923452083,9.980634041320068,0.15777615453495256,8.524271246750473,0.1458527348847206,8.739611691492215,0.12242122524171378,2.8826059932442467,0.5465976245940704,3.612386838872939,0.4730834563019947,3.9541311469322333,1.0573527820016444,3.4229835048198356,0.4480308398312053,7.763164869080277,0.3139014795979461,1.0222472048576061,0.23971351761454,1.1413420235396778,0.20911439289271477,0.940355646825464,0.16403395178120264,2.9799525446422654,0.35055218051744896
