tables/tab_OH_Re.ecsv
# %ECSV 1.0
# ---
# datatype:
# - {name: KGAS_ID, datatype: string}
# - {name: cubename, datatype: string}
# - {name: OH_Mar13_N2, datatype: float64}
# - {name: e_OH_Mar13_N2, datatype: float64}
# - {name: OH_Mar13_O3N2, datatype: float64}
# - {name: e_OH_Mar13_O3N2, datatype: float64}
# - {name: OH_T04, datatype: float64}
# - {name: e_OH_T04, datatype: float64}
# - {name: OH_Pet04_N2_lin, datatype: float64}
# - {name: e_OH_Pet04_N2_lin, datatype: float64}
# - {name: OH_Pet04_N2_poly, datatype: float64}
# - {name: e_OH_Pet04_N2_poly, datatype: float64}
# - {name: OH_Pet04_O3N2, datatype: float64}
# - {name: e_OH_Pet04_O3N2, datatype: float64}
# - {name: OH_Kew02_N2O2, datatype: float64}
# - {name: e_OH_Kew02_N2O2, datatype: float64}
# - {name: OH_Pil10_ONS, datatype: float64}
# - {name: e_OH_Pil10_ONS, datatype: float64}
# - {name: OH_Pil10_ON, datatype: float64}
# - {name: e_OH_Pil10_ON, datatype: float64}
# - {name: OH_Pil11_NS, datatype: float64}
# - {name: e_OH_Pil11_NS, datatype: float64}
# - {name: OH_Cur20_RS32, datatype: float64}
# - {name: e_OH_Cur20_RS32, datatype: float64}
# - {name: OH_Cur20_R3, datatype: float64}
# - {name: e_OH_Cur20_R3, datatype: float64}
# - {name: OH_Cur20_O3O2, datatype: float64}
# - {name: e_OH_Cur20_O3O2, datatype: float64}
# - {name: OH_Cur20_S2, datatype: float64}
# - {name: e_OH_Cur20_S2, datatype: float64}
# - {name: OH_Cur20_R2, datatype: float64}
# - {name: e_OH_Cur20_R2, datatype: float64}
# - {name: OH_Cur20_N2, datatype: float64}
# - {name: e_OH_Cur20_N2, datatype: float64}
# - {name: OH_Cur20_R23, datatype: float64}
# - {name: e_OH_Cur20_R23, datatype: float64}
# - {name: OH_Cur20_O3N2, datatype: float64}
# - {name: e_OH_Cur20_O3N2, datatype: float64}
# - {name: OH_Cur20_O3S2, datatype: float64}
# - {name: e_OH_Cur20_O3S2, datatype: float64}
# - {name: OH_KK04, datatype: float64}
# - {name: e_OH_KK04, datatype: float64}
# - {name: OH_Pil16_R, datatype: float64}
# - {name: e_OH_Pil16_R, datatype: float64}
# - {name: OH_Pil16_S, datatype: float64}
# - {name: e_OH_Pil16_S, datatype: float64}
# - {name: OH_Ho, datatype: float64}
# - {name: e_OH_Ho, datatype: float64}
# - {name: U_Dors_O32, datatype: float64}
# - {name: e_U_Dors_O32, datatype: float64}
# - {name: U_Dors_S, datatype: float64}
# - {name: e_U_Dors_S, datatype: float64}
# - {name: U_Mor16_O23_fs, datatype: float64}
# - {name: e_U_Mor16_O23_fs, datatype: float64}
# - {name: U_Mor16_O23_ts, datatype: float64}
# - {name: e_U_Mor16_O23_ts, datatype: float64}
# - {name: NH_Pil16_R, datatype: float64}
# - {name: e_NH_Pil16_R, datatype: float64}
# - {name: NO_Pil16_R, datatype: float64}
# - {name: e_NO_Pil16_R, datatype: float64}
# - {name: NO_Pil16_Ho_R, datatype: float64}
# - {name: e_NO_Pil16_Ho_R, datatype: float64}
# - {name: NO_Pil16_N2_R2, datatype: float64}
# - {name: e_NO_Pil16_N2_R2, datatype: float64}
# - {name: Ne_Oster_S, datatype: float64}
# - {name: e_Ne_Oster_S, datatype: float64}
# delimiter: ','
# schema: astropy-2.0
KGAS_ID,cubename,OH_Mar13_N2,e_OH_Mar13_N2,OH_Mar13_O3N2,e_OH_Mar13_O3N2,OH_T04,e_OH_T04,OH_Pet04_N2_lin,e_OH_Pet04_N2_lin,OH_Pet04_N2_poly,e_OH_Pet04_N2_poly,OH_Pet04_O3N2,e_OH_Pet04_O3N2,OH_Kew02_N2O2,e_OH_Kew02_N2O2,OH_Pil10_ONS,e_OH_Pil10_ONS,OH_Pil10_ON,e_OH_Pil10_ON,OH_Pil11_NS,e_OH_Pil11_NS,OH_Cur20_RS32,e_OH_Cur20_RS32,OH_Cur20_R3,e_OH_Cur20_R3,OH_Cur20_O3O2,e_OH_Cur20_O3O2,OH_Cur20_S2,e_OH_Cur20_S2,OH_Cur20_R2,e_OH_Cur20_R2,OH_Cur20_N2,e_OH_Cur20_N2,OH_Cur20_R23,e_OH_Cur20_R23,OH_Cur20_O3N2,e_OH_Cur20_O3N2,OH_Cur20_O3S2,e_OH_Cur20_O3S2,OH_KK04,e_OH_KK04,OH_Pil16_R,e_OH_Pil16_R,OH_Pil16_S,e_OH_Pil16_S,OH_Ho,e_OH_Ho,U_Dors_O32,e_U_Dors_O32,U_Dors_S,e_U_Dors_S,U_Mor16_O23_fs,e_U_Mor16_O23_fs,U_Mor16_O23_ts,e_U_Mor16_O23_ts,NH_Pil16_R,e_NH_Pil16_R,NO_Pil16_R,e_NO_Pil16_R,NO_Pil16_Ho_R,e_NO_Pil16_Ho_R,NO_Pil16_N2_R2,e_NO_Pil16_N2_R2,Ne_Oster_S,e_Ne_Oster_S
[from data line 158]
157,KG-MaNGA-1-118178,8.491856289262598,0.02552868892083525,8.48366933976689,0.03430281156723736,8.724538853523462,0.4508674217715012,8.87107615068993,0.03178659335890012,8.59266890703813,0.0457011110197588,8.655001483197056,0.04992814043327836,8.8451142041845,0.09411015163465007,8.461498050430327,0.08845607121448376,8.437789501288819,0.08946983531113697,8.442660375836457,0.08940363971715652,8.690701915393005,0.03559911328823031,8.686303257329554,0.03545311859894333,8.701303172829542,0.036347842614555495,8.756500304901833,0.028375899022211628,8.70367567612189,0.037343056040978304,8.654833452254698,0.032566663603386586,8.656356192482093,0.06985595084830702,8.691011161004313,0.03066320513488647,8.764050817386698,0.026115819688615087,10.407525116464647,0.8487204859791393,13.979467434249623,0.11806053226587875,8.41714773848556,0.10187703647235273,8.522124611529089,0.07924731382674584,3.126380155804185,0.21081068809314651,3.352704990298154,0.10503305499116762,4.382662993029926,0.40779772450805385,3.608684800554982,0.17279564597798894,7.438981383303147,0.17369565620149993,1.0491250358810953,0.15019148819465647,1.160316231665052,0.1465429118944464,1.072298668928859,0.09339319011018929,2.291520507405085,0.39035871519869747
158,KG-MaNGA-1-118337,8.353390755926371,0.06572923036371323,8.354632961066674,0.048426987236048956,8.340335211560413,0.761945406479656,8.623265163117098,0.09803621161252833,8.369396514975358,0.09855665710352438,8.457716125016274,0.07597660396828998,8.552325033616343,0.21929987525641742,8.114456080631,0.2358275921142926,8.018145301627436,0.3031345994560352,8.019033501167824,0.3030807691276466,8.579966547278213,0.07281317963156626,8.579871901279605,0.06576123959320798,8.630598900023944,0.0679380642015047,8.668101571421689,0.07785961217345938,8.674139915145734,0.07074850312643206,8.478297199812157,0.09498260009042206,8.524626481430762,0.13560562935797554,8.54414333121059,0.06974464370945187,8.721165404431458,0.0652754863250031,9.832366174114334,0.8754267679644614,8.442864546516743,0.2890607533184245,8.12064374012508,0.2320829874493725,8.264596969191096,0.21819554904636906,2.908949359427249,0.32619501537429973,3.3921417117137653,0.20018247553791454,3.9656748498574035,0.6310001936748749,3.423794597300331,0.2673729634215572,6.7734502956280584,0.41966506135599346,1.4715593762713997,0.35594329368103367,1.6622054029426643,0.38339023928664073,1.3511103481302609,0.14757461131161384,2.65847801366111,0.420731818826737
159,KG-MaNGA-1-118238,8.470462697128754,0.075117164648535,8.467286237496754,0.08015428122924675,8.48632668075916,0.915400670601674,8.837199545544241,0.09512874799000871,8.53526003540558,0.12170902533366752,8.624300745216766,0.1207856262164729,8.786522743411886,0.2249322556841002,8.25667954294232,0.27734041934509046,8.185367464679842,0.3126427033076196,8.155471556734902,0.3128806500836465,8.602456618229873,0.09200121798896198,8.64207177543839,0.08280211205367632,8.629494901493915,0.10433172242942616,8.699873879002132,0.039896126077430746,8.711285610980857,0.0648112764827757,8.598590482117629,0.09183678553846931,8.609390870769762,0.11008100432939995,8.648867873999563,0.08203019315806481,8.702087387128254,0.03912452512050168,67.18766540553884,10.854514758217999,186.61882156638947,0.2724838643512914,8.219287860025881,0.23786535808501497,8.472347423915943,0.22767334395305988,3.0088538706578554,0.5157281197922859,3.8968248368471814,0.31613961486582776,4.170638633605495,0.9976380022211433,3.520877585855872,0.4227279670428573,7.231844283816649,0.4550950938305281,1.2695921572629878,0.3777751993595534,1.4325350565230275,0.366370332268831,1.1760754401405744,0.2003695400956831,2.9206831335045247,0.42961732334767927
160,KG-MaNGA-1-118223,8.466896384735916,0.05368461236008584,8.455152946632566,0.06050046020116186,8.58321785238597,0.6538909249905512,8.801149910447316,0.07822745993827214,8.527797720845415,0.09806694681010204,8.608066116036587,0.09201978290385886,8.797584836843502,0.17645563657051322,8.325133638645859,0.16792806249077724,8.293150287687205,0.18818037480286157,8.2637058824556,0.19594064179132237,8.614654504591014,0.07364583704863005,8.629203577532538,0.07235749351484497,8.644323497951856,0.08583769468160832,8.705404081429153,0.04369908896022289,8.709120702229873,0.05851781539856807,8.596382525461719,0.07795345448137898,8.614493646921952,0.10873854113235243,8.649351098413787,0.06341928174705207,8.742095399768512,0.02603322966161751,9.048209864845633,0.6984030949563778,8.96528559534924,0.20850557354262161,8.321188633546596,0.1911480320322275,8.489004999003788,0.14403379193415072,2.956756977187509,0.39549343372830154,3.690647420385336,0.295724420905821,4.062305317170975,0.7650528718022882,3.483339351801983,0.32417494567893573,7.3116201502952975,0.34475577490011305,1.1703481197703163,0.2556958574032071,1.289181199910669,0.24916398093118552,1.1492592839627298,0.16633291801435518,2.7951974876163286,0.36018755332909164
161,KG-MaNGA-1-117938,8.481162840680902,0.011432706252728195,8.502407952865754,0.014257178163188625,8.936275584163944,0.03254568757176826,8.576994340204406,0.014105286935184137,8.5673134410672,0.022383325904063615,8.684278161546038,0.021319144916917585,8.898844159423613,0.02474762989951999,8.527057375114452,0.03514955334142865,8.529126225011078,0.025951577585551666,8.49983196642196,0.03381787081848443,8.709394279684416,0.011196509666960938,8.728606928682332,0.015315514839028281,8.731823698237712,0.020325442546335986,8.708741004245647,0.010602666042274398,8.710707890922514,0.025324446392405504,8.642798699253264,0.014445084827517427,8.718262552596332,0.02478914838563189,8.718075318473545,0.013255828981177779,8.81867104022912,0.008857234085967175,9.001025481403072,0.011362589127385277,8.464811272343907,0.04705537666571744,8.380429932241876,0.05454885359735801,8.482142799511871,0.026804810769929334,3.102451115760285,0.08203052981365898,3.474349718056921,0.026779961144925372,4.324734943562222,0.15868200849199604,3.5652932502299666,0.06723813919152376,7.504852733999191,0.0579186067054246,0.9622731223535906,0.056285913952566734,0.9790995772073366,0.03778664434810173,0.9485740441929541,0.03349990099523012,1.8822897475071636,0.3143592854585753
162,KG-MaNGA-1-118444,8.555903744445978,0.05352899321840141,8.50412988921101,0.07613368842292931,8.461360523973662,1.325430506278761,9.082200177422504,0.059811331683225825,8.684543743358079,0.09500416357716301,8.681703344020246,0.11273288352185863,8.96443553321801,0.24071503144064804,8.487946752005811,0.1452109865808766,8.427298475652456,0.16074623818264763,8.458652309634514,0.1465193071164446,8.65610375746344,0.09602725198095224,8.648071301442037,0.0908503331102514,8.590927497661307,0.12537955575862234,8.713837081660808,0.08506951148846562,8.754401878421378,0.04028281517107773,8.706631835721259,0.06443119191266292,8.642315075109087,0.08648915475271256,8.693531529326881,0.06814191568619862,8.64664331575822,0.08103849518118722,19.03527138330741,2.618778466430719,32.6044092115499,0.18897166569162002,8.50735539128095,0.14751261880811453,8.779997075066468,0.19449506051466697,2.9410193121232115,0.6432079484454166,3.2535790841095533,0.41221132735318283,4.049651782644828,1.2442383265009698,3.473862719056406,0.5272196298732923,7.629548865443759,0.4398538969635695,1.0501235048514237,0.3440344169061082,1.3941885767040076,0.3958203424387018,1.0621917994629146,0.2521648532689761,3.064883801329632,0.45687097204548166
163,KG-MaNGA-1-118480,8.506961485909882,0.012318667117652747,8.473252679320337,0.01313362849225828,8.892642846866943,0.048723612426872655,8.608876900617624,0.015148859885304771,8.621156260089817,0.026143260362511127,8.640711457940801,0.019639070642629156,8.91963898843757,0.03398226361610451,8.500946663992751,0.023246412811163922,8.5041989000785,0.021807347646644576,8.47862467142643,0.023950217289135073,8.677280727221241,0.013788157896977767,8.675566279826775,0.015509200582858313,8.67046574058905,0.021871409278916575,8.73310267031906,0.019672790952121304,8.716578004896151,0.028214343189637642,8.677530351748391,0.01706908091518891,8.688552418234229,0.0347771190816978,8.689685903594881,0.012765594655485822,8.798438118205649,0.015158151798315356,8.97737529209717,0.02715239365322217,8.511215946891518,0.05443594868655833,8.455873043507053,0.0605733275817133,8.555948056410461,0.03015505148563894,2.8805677126190994,0.07919111291658572,3.363824360652024,0.039476813646389754,3.8977408354835053,0.15318936596978872,3.381567618573833,0.06491074829228337,7.611936016225692,0.06976289018326312,0.9058590208952206,0.06816217979692585,0.9498759843258368,0.047005619351850936,0.9259609185068014,0.04502412006919172,2.1295264466845967,0.37196436096120844
164,KG-MaNGA-1-118217,8.509118433926888,0.007186036323159301,8.447230286950765,0.009222486815748525,8.706962079787836,0.044723030299256374,8.61155986267789,0.008865888970131595,8.62656181138136,0.015741501667317255,8.6017757533484,0.013790634490838914,8.819146990690824,0.024045715345108805,8.438474315109943,0.01703863339642152,8.43552269732944,0.014383614951837168,8.442262059049987,0.01836030167785874,8.642247132541604,0.011336361664311184,8.637771847656921,0.012393393823863619,8.696956420570505,0.015253498431956839,8.739079236631563,0.00792515354114848,8.62119763906598,0.019723270643588232,8.681406769793838,0.01058400296040311,8.545670650954008,0.03602610580791121,8.664229193758288,0.009235473973821321,8.602099361363473,0.015541435611619858,8.86416388889409,0.03763845088161635,8.483677889770163,0.0455560834202416,8.472249696449083,0.04400932923520202,8.50940008021182,0.018342379248366163,2.97179692227079,0.05545112840353169,3.386718371259724,0.018419359443122382,4.07353436670174,0.10726611723961865,3.4560370998620535,0.04545174459305876,7.444178482169826,0.048550711014209165,1.0423004928286927,0.05566401745095178,1.067298731786701,0.034513198597742205,1.0669213280781535,0.028659425040090728,1.8920982552400591,0.29131267370419556
165,KG-MaNGA-1-118369,8.52767357610645,0.013406018759297502,8.435053166803986,0.01580702428316007,8.831419659066063,0.08577077899819176,8.633971129280626,0.017842782653689195,8.669314456129328,0.030274484037545926,8.583598169568655,0.023636671825286042,8.938999663009126,0.05215039540501637,8.470908938408948,0.0367474339934512,8.470356326165582,0.035890520951725194,8.464635218320847,0.03532974530974619,8.629299933978052,0.02253948858195031,8.605858555066495,0.02162477687463024,8.59027322921718,0.034980741643765065,8.810198885526697,0.01697365789292405,8.713368588131276,0.03745950108835338,8.709673467081902,0.021664342585390475,8.643503901830812,0.05665566338282243,8.651062065412063,0.016498650769543727,8.671649547145062,0.031875307245596736,8.949099439377711,0.08210824283935347,8.566426594527195,0.04956811049597327,8.545010481634847,0.04670405376626222,8.633762920780454,0.041741268394297586,2.6142957350139,0.11452641809932124,3.1025375831753466,0.08325419982295951,3.3854119375119507,0.22154290714294939,3.165535102227395,0.09387411319616497,7.711373364509184,0.10697637727405518,0.8621459151141665,0.08896159963206304,0.9307176429466313,0.07659251154059811,0.9058217389061223,0.07345841726327826,2.565517604551289,0.34986034533575844
166,KG-MaNGA-1-117936,8.459835876489723,0.07906019547231108,8.489058434789012,0.09752721568358637,8.630390595159005,0.5277061688682297,8.539134200783078,0.13115100215321782,8.479139066953556,0.1524356431305658,8.650244339792918,0.15057108905452732,8.79521058030353,0.25605364370086753,8.189991328766705,0.06669351546938834,8.198153692470282,0.10426455163132144,8.09286827757418,0.20067015924285386,8.573411327806369,0.11430610793877145,8.59858285128774,0.10664732266900111,8.523046210127887,0.14464271452633748,8.66859473958436,0.03730391598189056,8.705730793627868,0.0667418363412249,8.544849960884351,0.11297632723275315,8.63597546741306,0.08408729663510568,8.636345059064015,0.11496520435490082,8.6503942865662,0.02029018583837907,8.803304329984817,0.46309439416951204,8.401425712743391,0.26853127651163566,8.207686039628788,0.26871929505847814,8.4549944362643,0.10504378097878254,2.6511374282368667,0.6782043291907012,4.075888746029313,0.8882026992061534,3.533190407330572,1.3119362433525037,3.2578830350633896,0.5559051878612304,7.259594791818025,0.33879053913016377,1.4609566207749303,0.2572273316413073,1.5800557526014118,0.08900108231478324,1.0958127802833126,0.14898415306772955,3.138055649082851,0.32736575666154044
167,KG-MaNGA-1-382566,8.419936192207496,0.04892542545797636,8.40345418995455,0.03380347439739957,8.670532795386356,0.344047520064485,8.733577962968559,0.06527549392728657,8.468282532695149,0.07763216763635843,8.53521189894649,0.051751818673251855,8.716054236932557,0.1301591810216037,8.302598434737973,0.16299474560019797,8.280351820274598,0.21372109845876702,8.240707427375023,0.21173850809185632,8.62427684190721,0.03781233433190516,8.62734663340694,0.03873097586731445,8.654495369424033,0.0396065582934082,8.718636970360025,0.037671198291960355,8.684037253543602,0.04868640619373112,8.56699119983209,0.061809269317604304,8.596848815463671,0.08518554049380057,8.613390768993707,0.04016109666546081,8.785750323804729,0.027734339213446917,9.069550079924202,0.43899268815189874,8.965427647649685,0.1905144063944361,8.251682215111124,0.16533817215800048,8.34641096526138,0.13509042273426583,2.8771152766272428,0.17175620342870435,3.469441215547007,0.11137448040781223,3.8926461809334647,0.3322497049932313,3.3887622170433653,0.14078377330221667,7.17635706468514,0.2570481601645118,1.1755965376820068,0.23621908479157883,1.2582485446316949,0.1923958574196037,1.1875056905270231,0.10433207865194619,2.3508193517226887,0.37423467007336275
