tables/tab_OH_Re.ecsv
# %ECSV 1.0
# ---
# datatype:
# - {name: KGAS_ID, datatype: string}
# - {name: cubename, datatype: string}
# - {name: OH_Mar13_N2, datatype: float64}
# - {name: e_OH_Mar13_N2, datatype: float64}
# - {name: OH_Mar13_O3N2, datatype: float64}
# - {name: e_OH_Mar13_O3N2, datatype: float64}
# - {name: OH_T04, datatype: float64}
# - {name: e_OH_T04, datatype: float64}
# - {name: OH_Pet04_N2_lin, datatype: float64}
# - {name: e_OH_Pet04_N2_lin, datatype: float64}
# - {name: OH_Pet04_N2_poly, datatype: float64}
# - {name: e_OH_Pet04_N2_poly, datatype: float64}
# - {name: OH_Pet04_O3N2, datatype: float64}
# - {name: e_OH_Pet04_O3N2, datatype: float64}
# - {name: OH_Kew02_N2O2, datatype: float64}
# - {name: e_OH_Kew02_N2O2, datatype: float64}
# - {name: OH_Pil10_ONS, datatype: float64}
# - {name: e_OH_Pil10_ONS, datatype: float64}
# - {name: OH_Pil10_ON, datatype: float64}
# - {name: e_OH_Pil10_ON, datatype: float64}
# - {name: OH_Pil11_NS, datatype: float64}
# - {name: e_OH_Pil11_NS, datatype: float64}
# - {name: OH_Cur20_RS32, datatype: float64}
# - {name: e_OH_Cur20_RS32, datatype: float64}
# - {name: OH_Cur20_R3, datatype: float64}
# - {name: e_OH_Cur20_R3, datatype: float64}
# - {name: OH_Cur20_O3O2, datatype: float64}
# - {name: e_OH_Cur20_O3O2, datatype: float64}
# - {name: OH_Cur20_S2, datatype: float64}
# - {name: e_OH_Cur20_S2, datatype: float64}
# - {name: OH_Cur20_R2, datatype: float64}
# - {name: e_OH_Cur20_R2, datatype: float64}
# - {name: OH_Cur20_N2, datatype: float64}
# - {name: e_OH_Cur20_N2, datatype: float64}
# - {name: OH_Cur20_R23, datatype: float64}
# - {name: e_OH_Cur20_R23, datatype: float64}
# - {name: OH_Cur20_O3N2, datatype: float64}
# - {name: e_OH_Cur20_O3N2, datatype: float64}
# - {name: OH_Cur20_O3S2, datatype: float64}
# - {name: e_OH_Cur20_O3S2, datatype: float64}
# - {name: OH_KK04, datatype: float64}
# - {name: e_OH_KK04, datatype: float64}
# - {name: OH_Pil16_R, datatype: float64}
# - {name: e_OH_Pil16_R, datatype: float64}
# - {name: OH_Pil16_S, datatype: float64}
# - {name: e_OH_Pil16_S, datatype: float64}
# - {name: OH_Ho, datatype: float64}
# - {name: e_OH_Ho, datatype: float64}
# - {name: U_Dors_O32, datatype: float64}
# - {name: e_U_Dors_O32, datatype: float64}
# - {name: U_Dors_S, datatype: float64}
# - {name: e_U_Dors_S, datatype: float64}
# - {name: U_Mor16_O23_fs, datatype: float64}
# - {name: e_U_Mor16_O23_fs, datatype: float64}
# - {name: U_Mor16_O23_ts, datatype: float64}
# - {name: e_U_Mor16_O23_ts, datatype: float64}
# - {name: NH_Pil16_R, datatype: float64}
# - {name: e_NH_Pil16_R, datatype: float64}
# - {name: NO_Pil16_R, datatype: float64}
# - {name: e_NO_Pil16_R, datatype: float64}
# - {name: NO_Pil16_Ho_R, datatype: float64}
# - {name: e_NO_Pil16_Ho_R, datatype: float64}
# - {name: NO_Pil16_N2_R2, datatype: float64}
# - {name: e_NO_Pil16_N2_R2, datatype: float64}
# - {name: Ne_Oster_S, datatype: float64}
# - {name: e_Ne_Oster_S, datatype: float64}
# delimiter: ','
# schema: astropy-2.0
KGAS_ID,cubename,OH_Mar13_N2,e_OH_Mar13_N2,OH_Mar13_O3N2,e_OH_Mar13_O3N2,OH_T04,e_OH_T04,OH_Pet04_N2_lin,e_OH_Pet04_N2_lin,OH_Pet04_N2_poly,e_OH_Pet04_N2_poly,OH_Pet04_O3N2,e_OH_Pet04_O3N2,OH_Kew02_N2O2,e_OH_Kew02_N2O2,OH_Pil10_ONS,e_OH_Pil10_ONS,OH_Pil10_ON,e_OH_Pil10_ON,OH_Pil11_NS,e_OH_Pil11_NS,OH_Cur20_RS32,e_OH_Cur20_RS32,OH_Cur20_R3,e_OH_Cur20_R3,OH_Cur20_O3O2,e_OH_Cur20_O3O2,OH_Cur20_S2,e_OH_Cur20_S2,OH_Cur20_R2,e_OH_Cur20_R2,OH_Cur20_N2,e_OH_Cur20_N2,OH_Cur20_R23,e_OH_Cur20_R23,OH_Cur20_O3N2,e_OH_Cur20_O3N2,OH_Cur20_O3S2,e_OH_Cur20_O3S2,OH_KK04,e_OH_KK04,OH_Pil16_R,e_OH_Pil16_R,OH_Pil16_S,e_OH_Pil16_S,OH_Ho,e_OH_Ho,U_Dors_O32,e_U_Dors_O32,U_Dors_S,e_U_Dors_S,U_Mor16_O23_fs,e_U_Mor16_O23_fs,U_Mor16_O23_ts,e_U_Mor16_O23_ts,NH_Pil16_R,e_NH_Pil16_R,NO_Pil16_R,e_NO_Pil16_R,NO_Pil16_Ho_R,e_NO_Pil16_Ho_R,NO_Pil16_N2_R2,e_NO_Pil16_N2_R2,Ne_Oster_S,e_Ne_Oster_S
[from data line 145]
144,KG-MaNGA-1-118083,8.53199677038933,0.03818537998412591,8.531722929735446,0.057379165984305674,8.74148073820512,0.5078637118442652,8.745982800512335,0.048897295534324293,8.676061968193402,0.07365064226982722,8.72533520946948,0.08599420461588765,8.939316352471467,0.13230317160546354,8.516243832255379,0.11893586394585191,8.471339592451278,0.10515263199044655,8.488720700283542,0.11283240018140364,8.711278653956365,0.055030539527220625,8.71005104873053,0.056235122503772036,8.686709092072272,0.07986709048158273,8.743712186115836,0.04713790986511015,8.743988789782371,0.046105605214497324,8.705565843330795,0.05473797531662242,8.692555175686682,0.08164297060762511,8.727055613753546,0.05134613998124967,8.753998240500536,0.0315805199552724,9.684979634092542,0.6308147035195983,11.62537147197993,0.12528407014492496,8.496018596517473,0.10077571981931466,8.640741912729505,0.10184767310098806,3.157153917202201,0.43442222574729766,3.308405757977129,0.22110437691583087,4.449034854059009,0.8403577481669037,3.637656514388907,0.3560837915961456,7.599327799505412,0.27673767725435383,1.0112175559816776,0.20998894898633927,1.2043122030507245,0.20438727735808085,0.9504605851468052,0.1538943022850274,2.691546386072604,0.403184613484005
145,KG-MaNGA-1-118034,8.473666718513616,0.09581344412627525,8.44370544575732,0.08973747631804736,8.24999886122986,1.4303624816041198,9.0216459396872,0.12381211417507523,8.52732175579955,0.15313855940179527,8.588089147768443,0.13778383238168507,8.825073697212746,0.24936462926285377,8.24457346842562,0.23780530343499773,8.18980250884736,0.2930148518056422,8.189320691583125,0.2763566863425038,8.581132824177052,0.11768398253186158,8.592228088231522,0.10616369331618963,8.585998833346347,0.1183739010417406,8.665987722562301,0.07855324052284685,8.719758180883852,0.07154102803720573,8.578473667898237,0.12288308068935787,8.626262638230742,0.1150698059875126,8.620894689609585,0.10372488171583673,8.650874401565368,0.04848122137109851,10.885950921498308,1.8709711821839594,14.070069486461648,0.3217535944842941,8.415756998554672,0.2548553855624346,8.638154497019737,0.3158632753699223,2.8433053967883763,0.5718881570038613,3.5634359949142866,0.557911830620906,3.847682430066896,1.1062754512533708,3.3768999228664547,0.46876078442939445,7.228505702871511,0.6119095733199049,1.3889456842607735,0.49326943075579066,1.7028360243992997,0.5373602341258121,1.2236664525870709,0.2222834299164322,3.1410209857683964,0.38415772099481166
146,KG-MaNGA-1-117465,8.561852137582557,0.02360438601965385,8.543367736225884,0.06114105109634081,8.727760632780953,0.8779895060434276,9.145108949128748,0.0249235840076475,8.732767599910886,0.04904335516501521,8.74266944193219,0.08926802313163078,8.99741357753319,0.17896714878574757,8.578495101182762,0.11857008259862294,8.52776215564378,0.11964457377827968,8.548592797252695,0.0857965770249739,8.722729534162529,0.06128395130420888,8.70466533444102,0.06317864935001333,8.6386185694932,0.11385224732585396,8.76254861000824,0.05516814678685131,8.75609382294592,0.04048043840374569,8.747174014671035,0.0332353780592912,8.674385316236277,0.09479710967853956,8.73676463514017,0.0471844278190254,8.733811312460718,0.06408526445002646,9.656398165639112,0.8908935053183742,10.938014589975797,0.13434874308349012,8.574338573373193,0.07778682153601577,8.742280249090506,0.13901133249451955,3.1188628764546498,0.5793155798996321,3.1357439912149774,0.20744751982478313,4.383328031655755,1.1206432529205999,3.6063299416632044,0.474848835983305,7.78683029604248,0.3936435460553501,0.895288173181845,0.30762076291854085,1.0910847417896206,0.3284914158203979,0.9711639993779431,0.20947144947205687,2.608967271571285,0.40318414556974647
147,KG-MaNGA-1-117381,8.573625245745498,0.0083821686223496,8.587638927533344,0.031662308566848436,8.925843275031022,0.2284000724012614,8.717965889979222,0.00797959498194517,8.758275671026347,0.01684942907804904,8.810900767795804,0.04641566609754302,9.038585832548776,0.0717747689507967,8.601980627999396,0.06979095891273727,8.557518549203957,0.05386575489766567,8.581173315059571,0.05163248019576443,8.763310237703076,0.0282950807249582,8.765317738362647,0.03221673813384703,8.733674190710714,0.05178274367952168,8.786387838966197,0.017512066391284057,8.776195661695656,0.029646402303335116,8.765792864247171,0.012709200425108482,8.741238272296505,0.05473585719976257,8.788614805937694,0.02235504547081807,8.716575032737158,0.03876189214076572,9.02889033436904,0.21769252285060858,8.647838395450648,0.06101544392575741,8.592021091836065,0.04709210108995062,8.717882915113236,0.053563783441720116,3.2227257820919015,0.26296249023940566,3.2094372006580913,0.06656930248183988,4.565423480160691,0.5086815384958995,3.679771910364665,0.21554302478639809,7.856350747869833,0.16394213574678917,0.7813963571875154,0.13058847503485285,0.9067100817078011,0.14123619612484747,0.7973746904837914,0.10050033249361678,1.9860783675511626,0.30529419103027483
148,KG-MaNGA-1-37478,8.47333942372975,0.06836623076820116,8.525362267879432,0.09712609429391007,8.642614985871846,1.154170932200892,9.31076370201195,0.08553176168404232,8.5097678341844,0.10825627821449456,8.710810311020516,0.14516220875067556,8.928049613202319,0.22304921494118496,8.280162547290562,0.10352303577558751,8.270036283519607,0.130201404460182,8.179072344538902,0.17611053954080969,8.55880894634969,0.12561572517540143,8.604537014859703,0.09484061588890998,8.524252001098045,0.15139458686456678,8.69705542247017,0.01746961389514771,8.717918374896497,0.04199563728810275,8.560088804076322,0.0780233232537364,8.64392465044362,0.08687187054392558,8.68932309977049,0.08952595633678419,8.674895470940871,0.049667737820914215,8.699329161019602,0.5278207902880376,8.548389446264828,0.22456939392231037,8.483303249442978,0.19625336450118605,8.614267578501147,0.15314046834890918,2.6444916797915132,0.6145494358980962,4.177604699860512,0.7623193168232459,3.481144706996954,1.1888005481307435,3.241218472655396,0.5037290458181117,7.521090831236911,0.3526388769550207,1.278979566764343,0.24586075852734804,1.2163730048097023,0.14778491947347872,0.9721710177051701,0.19600137741246948,3.164571951682509,0.3293084272720792
149,KG-MaNGA-1-38103,8.537129278257906,0.046328048593788855,8.422790382957631,0.04711165749417542,10.138575388023062,1.0024439710625443,8.743141437216194,0.0654144524651115,8.65026212651417,0.09154254696471266,8.564825570871019,0.07154815842192906,8.812704708810648,0.16675934041472837,8.27001531796366,0.15612571069423747,8.206654878758222,0.20218698009801475,8.19279918546821,0.17185309659742082,8.510227181246234,0.08614771237289749,8.522067274341028,0.08438184967483504,8.612636177747714,0.06091039694464252,8.691503728297562,0.04407217028317539,8.703057466361331,0.05794691326716901,8.669305265104374,0.0718742096103085,8.608546635319692,0.09611138764332915,8.62421399041197,0.056902768290748855,8.697023890537395,0.07383983395176577,12.11649342147398,1.0757392416243605,8.597962019385069,0.20870785584374024,8.429641244489853,0.17253390136985053,8.69253512832728,0.2098197841185495,2.753437416525312,0.2700533411238571,3.900833027017892,0.2627874250502818,3.654866410747315,0.5223982664363137,3.2882908238143664,0.22135519764250577,7.3036800832891045,0.3907415520100732,1.3504809069934065,0.28798526162142535,1.8078442232241707,0.43132489531402923,1.174862533617108,0.14931886710749484,2.8601288561365714,0.544197291575018
150,KG-MaNGA-1-37908,8.444728551928986,0.014509015434123269,8.437372486304229,0.013606689178730843,8.814203617742288,0.053600775898651885,8.532190987058154,0.017900733327814417,8.502261224222067,0.024579028724233672,8.587094666695585,0.020346451108382586,8.79078779392605,0.04108764807644192,8.423882488102542,0.05983032114453167,8.446247918323206,0.06931929159589098,8.40252107224562,0.07592762733526164,8.659882514672107,0.01381329914755002,8.66480027710215,0.015552668275047853,8.69086329832921,0.020389228441522605,8.719995789411618,0.019003170735588173,8.667866698717528,0.02836374770534584,8.599294310508773,0.016949310341109965,8.627760893772713,0.03999971369769404,8.653382631333601,0.013675378148174846,8.813433135019176,0.01126628157840168,8.934805582586483,0.03552853391251418,8.404345878428623,0.058782735739949694,8.345435584897658,0.06179737505091171,8.390088928031362,0.03479985211949703,2.954669356312344,0.07604552800333554,3.450173633995336,0.04608721843525155,4.041726448853092,0.14710446400645233,3.441970871192807,0.06233240000273405,7.329368261582633,0.07365341391464998,1.0811526245038527,0.07190962769153975,1.066422021059026,0.0478315190389792,1.0744935871912948,0.04295465595499671,2.171323600663497,0.31417271574800365
151,KG-MaNGA-1-37415,8.486811090032523,0.03581420375262232,8.491826463610911,0.046282085630322635,8.611196774784304,0.531706167555428,8.773267257985136,0.046040110815078576,8.575852851449092,0.0648791006218584,8.66576196348268,0.06848017965804708,8.781729022122239,0.13574360974581734,8.404707813760997,0.15236991466129854,8.355984672723654,0.15964332586269153,8.342923805198364,0.17098579210758938,8.661896832926185,0.05003791012518576,8.69074014516782,0.04703496763700395,8.721940647245196,0.04836871278237697,8.70533402656875,0.01982611209984982,8.683121586842613,0.04157902126776222,8.642715442919679,0.046226505243503524,8.6179233394369,0.07868452059883808,8.696270590424342,0.04204049042869237,8.738952211986735,0.024512104697110154,9.14048045161125,0.5150616614533657,8.63608055557591,0.16134911960720447,8.33646474081266,0.13435374168317404,8.465702348066237,0.11594675104572633,3.2710211787420147,0.2973867010271827,3.698972973305649,0.11807482558585475,4.659333422503766,0.5752726347738945,3.731008595688911,0.24375959100588745,7.277787035298118,0.25369916263959885,1.1798002882311769,0.2087923415856935,1.2910109463689545,0.21195024546622915,1.1577809377043,0.11970008223544205,2.310106333767089,0.3905638303530615
152,KG-MaNGA-1-37421,8.59137401569162,0.018765800589692624,8.558961085735902,0.045569747679720315,8.872782006390075,0.25249810038639037,8.704290055712503,0.017679387581221874,8.788903173637056,0.03578475769743479,8.766575625572312,0.0662778820913209,9.02298890849546,0.10030388593798654,8.552417398975441,0.08219699245122936,8.51582764211673,0.07095893126157515,8.519564843790826,0.06940990711326742,8.712875175315833,0.04097428569182817,8.719078016877427,0.04603660131264195,8.680087640939304,0.07571206513974582,8.7408756855648,0.03284107385367567,8.752721448237391,0.04297704942629355,8.7789011715134,0.02534861137448605,8.706727583213935,0.07077842883898083,8.759024865651044,0.034688658007754884,8.775917006590863,0.03075057250272528,9.048336154900198,0.648643557979112,10.276693949008111,0.09076523606804392,8.579685209072474,0.0716686406720402,8.735482438269836,0.07763324830851571,3.080492042534066,0.378271498209565,3.3090718212107753,0.16831180854026415,4.301545672483849,0.7317383080119453,3.5686622340985115,0.31005860508980737,7.8657072643892425,0.2123679069247768,0.77424255856833,0.18031166733784865,0.911750722957651,0.16734622930992155,0.8233639088995419,0.13325555062554698,2.4621928537098974,0.34058119998549913
153,KG-MaNGA-1-109112,8.48737537393844,0.07069283492916503,8.501892893262637,0.0899417459712172,8.81829050356797,0.38601828875049476,8.55887032889202,0.08891277096732901,8.536705842394225,0.10888683667610849,8.677252031499753,0.13450072356304008,9.02202342663317,0.1807824484947588,8.44617228841628,0.12369920609226394,8.412406134876274,0.1426277596603449,8.313266572810761,0.18928547726103856,8.558085640310392,0.10300932904636423,8.590805519645125,0.08700038235194746,8.413557873212683,0.14707463909201432,8.74331242377484,0.019018861927865383,8.752173541023192,0.04140770374590977,8.582086774140237,0.08586334524583175,8.662846362545757,0.06260345092113144,8.671681280310223,0.08602393492926579,8.714601443364922,0.04257138845580882,9.20117108300324,0.3422655277977276,8.59391290880335,0.1648256029642805,8.563327860746817,0.2235941845770136,8.75973409342089,0.1772803981244099,2.3057555617287093,0.5589980249983895,4.132671823230189,0.7060872823724018,2.8917184598845287,1.0813404418001633,2.9694570203487527,0.45819510245769635,7.815967357528709,0.381662420967577,1.1680073302346108,0.3410905137528369,1.026436189025092,0.20054640625653875,0.8895508054389716,0.15023011545368928,3.224884162391219,0.3456047185690445
154,KG-MaNGA-1-36849,8.490824888653973,0.049460298572780725,8.472129826176161,0.058786730592015154,8.691367482557219,0.6015075379024125,9.208843490224014,0.05950193650889306,8.583674106855705,0.08118905698319043,8.63441629373222,0.0876084019516557,8.85583274163387,0.1584360874501377,8.382795278456332,0.1387961028375726,8.356853824321604,0.15047495695670524,8.283959109897722,0.16700620142845488,8.606043388236953,0.07560371575152325,8.63918171736821,0.0710237383889067,8.621969349756302,0.09067759940539764,8.720579017268252,0.032009329487490544,8.70914468205608,0.04207356432818602,8.641071668582407,0.05905128414137128,8.633002988813239,0.07978011861829226,8.664334139017985,0.06140024922877123,8.73492956115572,0.029072212342928738,9.03470926081947,0.464011701129044,8.68141075045221,0.1308751724015993,8.37238050210702,0.14076732189417074,8.545764129923779,0.11729329957011647,2.931294450445758,0.4210453754459008,3.833719920424165,0.2986469988569878,4.02657023989728,0.8144812180756771,3.4817796714074065,0.34511916020155814,7.4538749905434765,0.2731376961744451,1.1336503385953534,0.222566642662493,1.2076459427804775,0.20676273100146864,1.0636867800258916,0.15160185082482266,2.937465354352493,0.34691234487732653
155,KG-MaNGA-1-36847,8.467389990716011,0.06671740905568951,8.503428079389954,0.11112779144023181,8.428144809808408,0.8748090062189825,8.77582567446646,0.09654932815664348,8.496988408863437,0.11589345862656611,8.668982101564561,0.16937260091584766,8.837834834248433,0.2858048469741953,8.214013064192018,0.08968230824991699,8.184111910614549,0.12058120655064154,8.103476352456479,0.18780815198609768,8.535303614376549,0.11715107675048617,8.579524334428582,0.11050168048230768,8.537153746642497,0.14533565014804659,8.688396994421439,0.01908175092781701,8.715710524371817,0.04590535321232798,8.556339936681079,0.09415114481350026,8.609551204331312,0.09845211275639502,8.64512386993131,0.11332738145721934,8.671413406154024,0.029828042704658077,91.36366159788822,0.8249016181940347,9.03984873189698,0.24944274202318018,8.471906403447258,0.21196063719071528,8.691688516929506,0.13122707979617174,2.75636793128145,0.691720653356863,4.404084858700165,0.8323120446734265,3.7243113025787093,1.3380825753460628,3.338784934781922,0.5669841420957893,7.507905459206795,0.3319367216822562,1.432740154344977,0.2286866868021576,1.420069030327464,0.11344839266603587,1.0915745488543103,0.192090913748297,3.15541083038951,0.3815332147000673
