tables/tab_KG_sel_add.ecsv
# %ECSV 1.0
# ---
# datatype:
# - {name: KGAS_ID, datatype: int64}
# - {name: cubename, datatype: string}
# - {name: IAUNAME, datatype: string}
# - {name: RA, datatype: float64}
# - {name: DEC, datatype: float64}
# - {name: Z, datatype: float32}
# - {name: R50_ARCSEC, datatype: float32}
# - {name: PETRO_PHI50, datatype: float32}
# - {name: PETRO_BA50, datatype: float32}
# - {name: PETRO_TH50, datatype: float32}
# - {name: PA, datatype: float64}
# - {name: BA, datatype: float64}
# delimiter: ','
# schema: astropy-2.0
KGAS_ID,cubename,IAUNAME,RA,DEC,Z,R50_ARCSEC,PETRO_PHI50,PETRO_BA50,PETRO_TH50,PA,BA
[from data line 198]
199,KG-SAMI-346793,J090011.46+020440.15,135.04776000976562,2.077820062637329,0.05629,6.1811233,69.45615,0.71655244,4.670312,69.45614624023438,0.7165524363517761
200,KG-SAMI-514022,J141611.21-011606.42,214.0467071533203,-1.2684500217437744,0.05032,1.4980932,130.43768,0.88395,1.4474126,130.43768310546875,0.8839499950408936
201,KG-SAMI-618144,J141751.64+001400.10,214.46514892578125,0.23336000740528107,0.0533,2.2910755,117.28009,0.8279366,1.842611,117.28009033203125,0.827936589717865
202,KG-SAMI-463641,J141549.27-011857.82,213.9552764892578,-1.316059947013855,0.04982,3.95654,156.64981,0.56310046,2.957486,156.64981079101562,0.5631004571914673
203,KG-SAMI-460767,J141511.06-013806.83,213.7960662841797,-1.6352299451828003,0.04773,1.7361325,21.701462,0.9241488,1.5255612,21.701461791992188,0.9241487979888916
204,KG-SAMI-319049,J141339.98+014658.80,213.41656494140625,1.7829999923706055,0.05363,4.266483,108.467285,0.5095843,3.0151572,108.46728515625,0.5095843076705933
205,KG-SAMI-319018,J141313.03+014658.01,213.30430603027344,1.7827800512313843,0.04907,-99.0,nan,nan,,149.0528023278201,0.6466619740877292
206,KG-SAMI-91627,J141116.44+002921.98,212.81851196289062,0.489439994096756,0.05325,6.559829,108.49371,0.8609279,5.831343,108.49371337890625,0.8609278798103333
207,KG-SAMI-618152,J141805.49+001338.60,214.5228729248047,0.22739000618457794,0.05344,3.6438758,6.4256897,0.79223865,3.336901,6.425689697265625,0.7922386527061462
208,KG-SAMI-62244,J140801.59-001332.20,212.00660705566406,-0.22561000287532806,0.05329,1.3536888,143.18259,0.90817076,1.3299525,143.18258666992188,0.908170759677887
209,KG-SAMI-485688,J142751.22-014442.86,216.96340942382812,-1.7452399730682373,0.05303,4.0268903,165.38358,0.55056936,3.3855855,165.38357543945312,0.5505693554878235
210,KG-SAMI-278840,J085550.27+004952.14,133.95947265625,0.8311499953269958,0.04171,2.8656204,77.00833,0.87686265,2.843757,77.00833129882812,0.876862645149231
211,KG-SAMI-323577,J084906.79+013356.52,132.27828979492188,1.5657000541687012,0.04174,4.131508,127.32486,0.9866578,4.695026,127.32485961914062,0.9866577982902527
212,KG-SAMI-371170,J084159.67+005540.04,130.49862670898438,0.9277899861335754,0.03977,4.4502473,168.25836,0.8302503,4.13664,168.25836181640625,0.8302503228187561
213,KG-SAMI-376033,J084714.09+012144.64,131.8087158203125,1.3624000549316406,0.03986,4.722818,64.83295,0.8972521,6.035047,64.83294677734375,0.897252082824707
214,KG-SAMI-301191,J085045.27+011857.53,132.6886444091797,1.3159799575805664,0.04212,3.4361362,68.15114,0.8558423,3.0719182,68.15113830566406,0.8558422923088074
215,KG-SAMI-323855,J085340.73+013348.64,133.41969299316406,1.5635099411010742,0.04101,6.6321406,108.844574,0.898227,6.276263,108.84457397460938,0.8982269763946533
216,KG-SAMI-550328,J090040.18-002912.30,135.16741943359375,-0.4867500066757202,0.04051,4.352013,119.7059,0.70096326,3.475287,119.70590209960938,0.7009632587432861
217,KG-SAMI-387715,J091002.96+021944.15,137.51234436035156,2.328929901123047,0.03885,3.5904799,31.09523,0.881297,3.544405,31.095230102539062,0.8812969923019409
218,KG-SAMI-623144,J090911.51+005007.58,137.29794311523438,0.8354399800300598,0.03938,6.934279,29.546722,0.87888575,6.6898584,29.546722412109375,0.8788857460021973
219,KG-MaNGA-1-60653,J100207.04+030327.68,150.52932739257812,3.057689905166626,0.02335,7.4899383,146.41528,0.8751832,6.8982005,146.415283203125,0.8751832246780396
220,KG-MaNGA-1-182358,J100257.56+061617.90,150.73985290527344,6.271639823913574,0.02152,9.653731,89.803314,0.9509722,10.574132,89.80331420898438,0.9509721994400024
221,KG-MaNGA-1-78343,J094900.74+041811.41,147.25306701660156,4.303170204162598,0.02041,5.302491,157.1857,0.94626516,5.0019884,157.18569946289062,0.9462651610374451
222,KG-MaNGA-1-380,J095621.76-001504.28,149.09068298339844,-0.2511900067329407,0.0214,4.553553,66.36514,0.6467477,3.4516048,66.36514282226562,0.6467477083206177
223,KG-MaNGA-1-296,J094713.64+003956.12,146.8068389892578,0.6655899882316589,0.02008,7.087163,121.65338,0.57317966,5.2907553,121.65338134765625,0.5731796622276306
224,KG-MaNGA-1-78858,J100602.16+043119.67,151.50900268554688,4.522130012512207,0.023,6.9604716,142.4271,0.8116196,6.104518,142.42709350585938,0.8116195797920227
225,KG-MaNGA-1-182525,J100518.52+053410.88,151.32717895507812,5.569690227508545,0.02292,3.6204967,129.06323,0.82962906,3.2158256,129.063232421875,0.8296290636062622
226,KG-MaNGA-1-78284,J094841.17+032229.10,147.1715545654297,3.3747498989105225,0.02158,5.6264567,37.672195,0.7387482,4.5727525,37.67219543457031,0.7387481927871704
227,KG-MaNGA-1-411,J095555.09-001125.08,148.97952270507812,-0.19030000269412994,0.02095,4.9636874,132.87366,0.65909815,3.8842654,132.8736572265625,0.6590981483459473
228,KG-MaNGA-1-38374,J032333.26-002618.74,50.88859939575195,-0.4385400116443634,0.02383,3.3858368,152.50479,0.71763146,2.7118394,152.50479125976562,0.717631459236145
229,KG-MaNGA-1-38541,J033623.03-005257.58,54.0959587097168,-0.8826599717140198,0.02358,1.7488986,16.70578,0.98580784,1.8447763,16.705780029296875,0.9858078360557556
230,KG-MaNGA-1-38272,J032730.82-010740.01,51.87839889526367,-1.1277799606323242,0.0259,7.133518,97.57297,0.8599877,6.210226,97.57296752929688,0.8599876761436462
231,KG-MaNGA-1-38155,J031907.72+005721.46,49.782169342041016,0.9559599757194519,0.02388,5.7403426,146.19617,0.7800031,5.3009696,146.1961669921875,0.7800030708312988
232,KG-MaNGA-1-38041,J031749.79-003316.78,49.45745086669922,-0.5546600222587585,0.02102,4.984825,17.679535,0.7612345,3.9742055,17.679534912109375,0.7612345218658447
233,KG-MaNGA-1-37998,J032045.33-010314.18,50.188880920410156,-1.0539400577545166,0.02079,3.218187,55.505524,0.78103733,3.0555272,55.505523681640625,0.7810373306274414
234,KG-MaNGA-1-38167,J031947.02+003504.49,49.945919036865234,0.5845800042152405,0.02417,6.00625,18.113098,0.9340463,6.1732073,18.11309814453125,0.9340463280677795
235,KG-MaNGA-1-38543,J033607.78-003547.18,54.03242874145508,-0.5964400172233582,0.02344,3.5163884,96.4704,0.7168294,2.7990863,96.47039794921875,0.7168294191360474
236,KG-MaNGA-1-38463,J032528.71+001642.71,51.36962890625,0.2785300016403198,0.02269,4.264674,127.683685,0.81558967,3.8842654,127.68368530273438,0.8155896663665771
237,KG-MaNGA-1-38553,J033350.77-010030.17,53.461551666259766,-1.0083800554275513,0.026,5.8389635,123.289185,0.821767,4.8834057,123.2891845703125,0.8217669725418091
238,KG-MaNGA-1-38168,J031943.04+003355.73,49.92934036254883,0.5654799938201904,0.02434,9.498816,149.51788,0.5314888,7.587428,149.51788330078125,0.5314887762069702
239,KG-MaNGA-1-38398,J032133.93-001042.13,50.3913688659668,-0.17836999893188477,0.02526,10.184433,105.18283,0.55888194,7.1245217,105.18283081054688,0.558881938457489
240,KG-MaNGA-1-38062,J031654.93-000231.24,49.2288703918457,-0.042010001838207245,0.02311,4.583977,139.37936,0.72384495,4.043024,139.37936401367188,0.7238449454307556
241,KG-MaNGA-1-38042,J031802.80-003220.26,49.51165008544922,-0.5389599800109863,0.02105,9.167242,43.32454,0.5155792,6.647538,43.32453918457031,0.5155792236328125
242,KG-SAMI-418693,J090942.43+024031.44,137.42677307128906,2.6754000186920166,0.05128,2.5821173,143.20114,0.8910204,2.2296166,143.20114135742188,0.8910204172134399
243,KG-SAMI-372384,J090214.30+010702.78,135.55960083007812,1.1174399852752686,0.05279,6.533703,140.03815,0.76514715,5.0830016,140.03814697265625,0.7651471495628357
244,KG-SAMI-324323,J090200.11+014709.74,135.5004425048828,1.78603994846344,0.05311,2.357779,108.433014,0.805395,2.0491033,108.43301391601562,0.8053950071334839
245,KG-MaNGA-1-54586,J092741.15+015358.56,141.92144775390625,1.8996000289916992,0.05048,3.6629977,103.78107,0.67940235,2.9820917,103.78106689453125,0.6794023513793945
246,KG-SAMI-601102,J091419.18+002305.53,138.57992553710938,0.3848699927330017,0.0528,3.0336895,129.19617,0.74340034,2.278736,129.1961669921875,0.7434003353118896
247,KG-SAMI-386892,J085742.93+022141.76,134.42889404296875,2.361599922180176,0.0538,3.4386225,101.038055,0.8355441,2.6677465,101.03805541992188,0.8355441093444824
248,KG-SAMI-376990,J090401.02+012729.12,136.00425720214844,1.4580899477005005,0.05347,5.6581254,45.900177,0.8143944,5.7649813,45.900177001953125,0.8143944144248962
249,KG-SAMI-601013,J091308.54+001416.48,138.2855682373047,0.23791000247001648,0.05294,4.1137257,20.575775,0.81974065,3.6682208,20.575775146484375,0.8197406530380249
250,KG-SAMI-600929,J091214.82+001842.44,138.06173706054688,0.31178998947143555,0.05349,4.791389,25.054184,0.92484534,4.5854716,25.054183959960938,0.9248453378677368
251,KG-MaNGA-1-53870,J091216.39+005556.24,138.0682830810547,0.9322900176048279,0.05417,7.6423697,2.4736023,0.6704661,5.529575,2.473602294921875,0.6704661250114441
252,KG-SAMI-536625,J084932.79-000500.96,132.3866424560547,-0.0835999995470047,0.03704,4.294444,154.23111,0.8110871,4.071481,154.23110961914062,0.8110870718955994
253,KG-SAMI-622084,J084258.35+003838.58,130.74313354492188,0.6440500020980835,0.03456,8.57,nan,nan,,89.76562817553616,0.8377527182342885
254,KG-SAMI-208520,J083738.19+000302.41,129.40911865234375,0.05067000165581703,0.03464,6.24,nan,nan,,8.645455629331295,0.8680163700258567
255,KG-SAMI-209279,J085018.15+000333.88,132.57562255859375,0.05940999835729599,0.03681,5.5332494,51.786606,0.7002369,5.953613,51.78660583496094,0.7002369165420532
256,KG-MaNGA-1-213739,J084619.42+040356.99,131.58091735839844,4.065830230712891,0.03543,2.2835455,159.29617,0.9238199,2.3119824,159.29617309570312,0.923819899559021
257,KG-MaNGA-1-214169,J085553.19+042230.07,133.97161865234375,4.3750200271606445,0.03394,6.2137127,165.61578,0.81092083,5.4132624,165.61578369140625,0.8109208345413208
258,KG-SAMI-301201,J085052.90+011500.40,132.7204132080078,1.2501100301742554,0.03477,7.0867577,156.88538,0.5107022,5.3855677,156.8853759765625,0.5107021927833557
259,KG-SAMI-204096,J090605.06-001537.33,136.5210723876953,-0.2603699862957001,0.03988,4.5052514,103.631165,0.9214092,4.2921314,103.63116455078125,0.9214091897010803
260,KG-MaNGA-1-76735,J085056.80+022018.20,132.73666381835938,2.3383901119232178,0.04024,6.2617683,126.54285,0.49497157,4.621275,126.5428466796875,0.4949715733528137
261,KG-SAMI-543797,J141145.48-005415.44,212.93951416015625,-0.9042900204658508,0.05441,4.1509495,31.236938,0.8103945,3.0296829,31.2369384765625,0.8103945255279541
262,KG-SAMI-15847,J142751.88+004515.30,216.9661865234375,0.7542499899864197,0.05706,4.0767756,137.36606,0.6993359,3.3847797,137.36605834960938,0.6993358731269836
263,KG-SAMI-319397,J141724.51+015743.67,214.3521270751953,1.9621299505233765,0.05257,2.785171,79.71301,0.9333459,2.6273117,79.7130126953125,0.9333459138870239
264,KG-SAMI-227961,J142159.36+010935.71,215.497314453125,1.1599199771881104,0.05484,5.838731,64.15373,0.42439753,4.268561,64.15373229980469,0.4243975281715393
265,KG-SAMI-463367,J141047.43-011851.16,212.6976318359375,-1.314210057258606,0.0545,5.9191833,162.92255,0.7073016,4.8460774,162.92254638671875,0.7073016166687012
266,KG-SAMI-618220,J141857.37+002156.20,214.73902893066406,0.3656100034713745,0.05331,5.0223002,171.48065,0.8367524,4.7699537,171.48065185546875,0.8367524147033691
267,KG-SAMI-319452,J141755.80+015210.02,214.48251342773438,1.8694499731063843,0.054,2.2282414,154.4638,0.9209676,2.1612523,154.46380615234375,0.9209675788879395
268,KG-SAMI-238406,J141648.59+014534.67,214.2024383544922,1.7596299648284912,0.05584,7.0160007,12.398972,0.777492,5.985117,12.398971557617188,0.7774919867515564
269,KG-SAMI-238282,J141515.35+014352.90,213.81396484375,1.7313599586486816,0.05401,3.0840547,20.252106,0.9177737,2.7551174,20.252105712890625,0.9177737236022949
270,KG-SAMI-238276,J141503.31+013908.32,213.7637939453125,1.6523100137710571,0.05468,1.8696641,17.518646,0.8131571,1.6844115,17.518646240234375,0.8131570816040039
271,KG-SAMI-570197,J145039.78-002829.86,222.66575622558594,-0.47495999932289124,0.04244,1.6629238,42.9364,0.8858346,1.4971666,42.9364013671875,0.8858345746994019
272,KG-SAMI-594946,J145031.00-000744.51,222.62918090820312,-0.1290300041437149,0.0439,2.5823824,151.98303,0.89271617,2.3457136,151.9830322265625,0.8927161693572998
273,KG-SAMI-79850,J145343.13+000221.52,223.4296875,0.03931000083684921,0.044,3.4682786,95.56851,0.56241965,2.8045137,95.56851196289062,0.5624196529388428
274,KG-SAMI-505979,J144947.46-015438.95,222.44775390625,-1.9108200073242188,0.04358,4.641134,134.36124,0.75624263,3.6443427,134.36123657226562,0.7562426328659058
275,KG-SAMI-570119,J144832.44-003431.12,222.1351776123047,-0.5753099918365479,0.04317,7.079018,46.797928,0.759658,6.309475,46.79792785644531,0.7596579790115356
276,KG-SAMI-570174,J145025.21-002809.55,222.6050262451172,-0.46931999921798706,0.04219,10.68,nan,nan,,163.4784160408234,0.807881749983983
277,KG-SAMI-594906,J144926.90-000951.12,222.36207580566406,-0.16419999301433563,0.04096,2.0267773,41.75728,0.92660666,1.8350658,41.75727844238281,0.9266066551208496
278,KG-SAMI-487175,J145321.54-013541.82,223.3397674560547,-1.5949499607086182,0.04228,3.830723,2.2324677,0.7841973,3.4516048,2.2324676513671875,0.7841972708702087
279,KG-SAMI-79693,J145054.58+000139.61,222.7274169921875,0.0276699997484684,0.0431,4.3216662,13.968674,0.5782906,3.6929774,13.968673706054688,0.578290581703186
280,KG-SAMI-79810,J145302.66+001211.30,223.2610626220703,0.2031400054693222,0.0432,1.5451674,89.05701,0.95475435,1.5788295,89.0570068359375,0.9547543525695801
281,KG-MaNGA-1-70386,J145746.99+012242.38,224.44578552246094,1.378440022468567,0.04354,2.025863,103.09433,0.80160904,1.8062402,103.09432983398438,0.8016090393066406
282,KG-SAMI-486834,J144658.76-014720.00,221.7448272705078,-1.78889000415802,0.04349,5.2123446,159.6618,0.45198926,3.7649915,159.66180419921875,0.4519892632961273
283,KG-SAMI-595088,J145342.41-000045.83,223.42669677734375,-0.012729999609291553,0.04304,3.7275472,156.69934,0.8256007,3.1188016,156.6993408203125,0.8256006836891174
284,KG-MaNGA-1-14151,J145323.75+002151.16,223.3489532470703,0.36421000957489014,0.04461,8.236659,34.586304,0.7182931,6.5815725,34.5863037109375,0.7182930707931519
285,KG-MaNGA-1-14162,J145359.23+004955.99,223.49681091308594,0.8322200179100037,0.04273,5.684136,130.5235,0.681833,4.5727525,130.52349853515625,0.681833028793335
286,KG-SAMI-594986,J145115.84-000947.77,222.8159942626953,-0.1632699966430664,0.04276,4.4745812,3.7160645,0.58071136,3.4840734,3.716064453125,0.5807113647460938
287,KG-SAMI-509852,J145231.90-012042.32,223.13291931152344,-1.3450900316238403,0.04304,8.31747,25.687302,0.8813822,7.674768,25.687301635742188,0.8813822269439697
288,KG-SAMI-65384,J145122.23-002232.12,222.84263610839844,-0.3755899965763092,0.04343,1.8007768,37.392593,0.90404814,1.5864706,37.39259338378906,0.9040481448173523
289,KG-SAMI-49784,J145017.55-003900.50,222.57313537597656,-0.6501399874687195,0.04278,2.6161637,135.60287,0.84851885,2.364125,135.60287475585938,0.8485188484191895
290,KG-SAMI-513236,J145016.67-010615.70,222.56944274902344,-1.1043599843978882,0.04278,7.59,nan,nan,,77.6585685854806,0.6656145234371087
291,KG-MaNGA-1-51315,J032402.53-055603.84,51.010520935058594,-5.9344000816345215,0.03705,7.0199604,126.495636,0.9343959,6.940887,126.49563598632812,0.9343959093093872
292,KG-MaNGA-1-51779,J033808.13-060829.18,54.533870697021484,-6.141439914703369,0.03468,6.162954,25.755997,0.92452806,6.09751,25.755996704101562,0.9245280623435974
293,KG-MaNGA-1-51568,J033222.63-061839.49,53.09431076049805,-6.310969829559326,0.03525,1.7098274,160.65598,0.89090353,1.6096169,160.65597534179688,0.8909035325050354
294,KG-MaNGA-1-51799,J033838.91-061011.75,54.66212844848633,-6.1699299812316895,0.03481,3.6830268,83.596954,0.57649124,2.9009173,83.59695434570312,0.5764912366867065
295,KG-MaNGA-1-51332,J032525.79-062609.92,51.35747146606445,-6.436089992523193,0.03781,2.3546016,66.29831,0.959157,2.2904356,66.29830932617188,0.9591569900512695
296,KG-MaNGA-1-51776,J033802.56-055556.57,54.51066970825195,-5.932380199432373,0.03373,3.0233319,88.017395,0.8996728,2.843757,88.01739501953125,0.89967280626297
