tables/tab_KG_sel_add.ecsv
# %ECSV 1.0
# ---
# datatype:
# - {name: KGAS_ID, datatype: int64}
# - {name: cubename, datatype: string}
# - {name: IAUNAME, datatype: string}
# - {name: RA, datatype: float64}
# - {name: DEC, datatype: float64}
# - {name: Z, datatype: float32}
# - {name: R50_ARCSEC, datatype: float32}
# - {name: PETRO_PHI50, datatype: float32}
# - {name: PETRO_BA50, datatype: float32}
# - {name: PETRO_TH50, datatype: float32}
# - {name: PA, datatype: float64}
# - {name: BA, datatype: float64}
# delimiter: ','
# schema: astropy-2.0
KGAS_ID,cubename,IAUNAME,RA,DEC,Z,R50_ARCSEC,PETRO_PHI50,PETRO_BA50,PETRO_TH50,PA,BA
[from data line 396]
397,KG-MaNGA-1-138167,J111837.42+034551.41,169.65589904785156,3.764280080795288,0.03922,4.4711847,68.84781,0.76240414,3.821622,68.84780883789062,0.7624041438102722
398,KG-MaNGA-1-138401,J111547.91+050550.96,168.9496307373047,5.097489833831787,0.04053,6.5906386,49.616943,0.81548506,6.276263,49.616943359375,0.8154850602149963
399,KG-MaNGA-1-81110,J111109.80+044035.00,167.79083251953125,4.676390171051025,0.04137,-99.0,136.08746,0.87890244,4.4302206,136.08746337890625,0.8789024353027344
400,KG-MaNGA-1-62037,J110217.79+032359.10,165.57412719726562,3.399749994277954,0.03721,4.144205,37.08539,0.7525385,3.4387972,37.08538818359375,0.7525385022163391
401,KG-MaNGA-1-4036,J110145.65+011450.60,165.44021606445312,1.2473900318145752,0.0378,2.1415663,102.58493,0.85758257,1.887634,102.58493041992188,0.8575825691223145
402,KG-MaNGA-1-613941,J111914.85+035751.37,169.81187438964844,3.9642701148986816,0.0398,4.401472,110.772766,0.7254693,3.9742055,110.77276611328125,0.7254692912101746
403,KG-MaNGA-1-138298,J111255.33+040207.51,168.23056030273438,4.035419940948486,0.03928,5.3972726,111.83627,0.51660305,3.7649915,111.83627319335938,0.5166030526161194
404,KG-SAMI-592863,J141721.25-001008.76,214.33856201171875,-0.16910000145435333,0.04362,6.33,nan,nan,,17.893431158354304,0.9370190618069241
405,KG-SAMI-63027,J141704.52-001508.50,214.2688446044922,-0.2523599863052368,0.04366,2.65,nan,nan,,98.32881631512952,0.8793143873985005
406,KG-SAMI-463264,J140920.31-011601.42,212.33462524414062,-1.2670600414276123,0.04133,3.793598,86.913574,0.7173937,3.0296829,86.91357421875,0.717393696308136
407,KG-MaNGA-1-38470,J032650.14+001154.92,51.70891189575195,0.1985899955034256,0.02042,5.5102196,26.698074,0.64340913,4.855539,26.698074340820312,0.6434091329574585
408,KG-MaNGA-1-38299,J032646.62-003853.41,51.69424819946289,-0.648169994354248,0.02049,6.6723995,10.520752,0.65967536,5.6345143,10.520751953125,0.6596753597259521
409,KG-MaNGA-1-604037,J032038.55-010206.07,50.160640716552734,-1.0350199937820435,0.02101,3.2627556,117.18729,0.8174181,2.9044285,117.18728637695312,0.817418098449707
410,KG-MaNGA-1-139929,J115211.23+042123.47,178.04678344726562,4.356520175933838,0.01768,3.1313992,141.05331,0.9271831,2.9978716,141.05331420898438,0.9271830916404724
411,KG-SAMI-220332,J120441.89+013609.65,181.17453002929688,1.602679967880249,0.02025,6.634125,97.49405,0.6023941,5.1902356,97.49404907226562,0.6023941040039062
412,KG-SAMI-230793,J120429.47+015623.89,181.122802734375,1.9399700164794922,0.0173,3.9884944,111.06375,0.7571622,3.3316104,111.06375122070312,0.7571622133255005
413,KG-SAMI-287827,J114049.75+014531.79,175.207275390625,1.758829951286316,0.0199,3.156814,91.16693,0.9314486,3.1437035,91.16693115234375,0.9314485788345337
414,KG-SAMI-609396,J114212.22+002004.09,175.55091857910156,0.3344700038433075,0.01824,4.5871654,111.95911,0.6284896,3.405226,111.9591064453125,0.62848961353302
415,KG-SAMI-289197,J120537.72+014941.56,181.40716552734375,1.8282099962234497,0.02091,8.83193,171.57257,0.68801636,7.0032516,171.57257080078125,0.6880163550376892
416,KG-SAMI-289097,J120434.03+014805.76,181.14178466796875,1.8015999794006348,0.0187,7.5852036,161.31207,0.7933068,6.366587,161.31207275390625,0.793306827545166
417,KG-SAMI-289089,J120405.99+015049.13,181.0249481201172,1.8469799757003784,0.01641,5.0599217,23.59668,0.9810542,4.611788,23.5966796875,0.9810541868209839
418,KG-SAMI-220396,J120540.73+013430.22,181.41970825195312,1.5750600099563599,0.0194,6.0832753,97.97153,0.79601294,4.5854716,97.97152709960938,0.7960129380226135
419,KG-SAMI-220502,J120738.08+013427.16,181.90866088867188,1.5742100477218628,0.02011,4.072726,59.11232,0.7873536,3.2342815,59.11231994628906,0.7873535752296448
420,KG-SAMI-230634,J120242.69+015707.96,180.67787170410156,1.9522099494934082,0.01728,8.027,148.7168,0.694457,6.485511,148.716796875,0.6944569945335388
421,KG-SAMI-396833,J114101.61+012936.06,175.25669860839844,1.4933500289916992,0.01809,5.54,nan,nan,,37.7916670206074,0.8703488402927658
422,KG-MaNGA-1-144455,J134707.14+033720.39,206.7797393798828,3.6223299503326416,0.02264,5.532141,64.60542,0.70848274,4.5247393,64.60542297363281,0.7084827423095703
423,KG-MaNGA-1-144884,J134858.52+033120.93,207.24383544921875,3.522480010986328,0.02424,1.9986573,126.69162,0.92603135,1.9999015,126.69161987304688,0.9260313510894775
424,KG-MaNGA-1-144889,J134743.84+035540.37,206.93267822265625,3.927880048751831,0.02438,3.818605,76.87955,0.6102802,2.9717994,76.87954711914062,0.6102802157402039
425,KG-MaNGA-1-627461,J134757.72+032658.67,206.99049377441406,3.44963002204895,0.02336,9.015525,120.786255,0.77170867,7.382554,120.7862548828125,0.7717086672782898
426,KG-MaNGA-1-627411,J134718.52+034602.71,206.82716369628906,3.7674200534820557,0.02386,10.601206,27.162064,0.5763917,7.501081,27.162063598632812,0.5763916969299316
427,KG-MaNGA-1-144478,J134450.49+040125.82,206.2103729248047,4.023839950561523,0.0231,5.784517,88.83179,0.78507614,4.500922,88.831787109375,0.7850761413574219
428,KG-MaNGA-1-480,J095128.65-003345.86,147.869384765625,-0.5627400279045105,0.03715,3.254224,130.51749,0.6280671,2.5218973,130.51748657226562,0.6280670762062073
429,KG-MaNGA-1-1037,J095837.75+005214.74,149.6573028564453,0.8707600235939026,0.03903,5.105556,160.4036,0.5075506,3.493677,160.40359497070312,0.5075505971908569
430,KG-MaNGA-1-245,J094405.02+004400.82,146.02093505859375,0.7335600256919861,0.03618,5.2503767,117.6608,0.9066586,1.920281,117.66079711914062,0.9066585898399353
431,KG-SAMI-545986,J144909.35-005410.22,222.28895568847656,-0.9028400182723999,0.02755,10.192455,163.27722,0.9363842,10.9565325,163.2772216796875,0.9363842010498047
432,KG-MaNGA-1-83058,J144146.91+032719.44,220.44546508789062,3.455399990081787,0.02798,3.095172,118.327576,0.90242076,2.9512923,118.32757568359375,0.9024207592010498
433,KG-SAMI-492690,J143138.49-012104.82,217.9103546142578,-1.3513400554656982,0.03022,1.7873367,21.221603,0.9695311,1.7938536,21.221603393554688,0.9695311188697815
434,KG-SAMI-487019,J145042.71-014335.08,222.67796325683594,-1.7264100313186646,0.02634,7.261357,156.36877,0.66814303,5.9663672,156.3687744140625,0.6681430339813232
435,KG-SAMI-487027,J145042.99-014253.57,222.67910766601562,-1.7148799896240234,0.02645,7.473093,59.610626,0.9114995,6.1395526,59.610626220703125,0.9114995002746582
436,KG-SAMI-239560,J143250.27+013232.89,218.20945739746094,1.5424699783325195,0.02714,4.2762995,42.12419,0.58939326,3.2792764,42.12419128417969,0.5893932580947876
437,KG-MaNGA-1-82684,J144016.40+033112.43,220.06834411621094,3.5201199054718018,0.0274,2.6047783,139.1131,0.9154871,2.4999835,139.11309814453125,0.9154871106147766
438,KG-MaNGA-1-83063,J144058.06+032705.65,220.24192810058594,3.4515700340270996,0.0271,2.894351,43.391113,0.9429511,2.7854714,43.39111328125,0.9429510831832886
439,KG-MaNGA-1-82687,J144106.15+033940.07,220.27560424804688,3.661129951477051,0.02632,5.2138557,175.57932,0.9342113,5.4755754,175.57931518554688,0.9342113137245178
440,KG-SAMI-298666,J144408.66+011142.97,221.03607177734375,1.1952699422836304,0.02795,10.687574,10.220093,0.65952396,8.26751,10.2200927734375,0.6595239639282227
441,KG-SAMI-298980,J145052.34+010956.48,222.7180633544922,1.1656899452209473,0.02712,3.5562465,146.6218,0.8327889,3.2715118,146.62179565429688,0.83278888463974
442,KG-MaNGA-1-70172,J144413.71+020804.63,221.05712890625,2.134619951248169,0.02735,5.0438886,117.74942,0.7721307,4.406901,117.74942016601562,0.7721307277679443
443,KG-MaNGA-1-83002,J144516.35+032414.40,221.318115234375,3.4040000438690186,0.02767,4.7656426,83.89923,0.9157017,4.2567143,83.89923095703125,0.915701687335968
444,KG-MaNGA-1-82991,J144537.34+032600.20,221.4055938720703,3.433389902114868,0.02762,4.843437,139.0975,0.9058262,4.5593047,139.09750366210938,0.905826210975647
445,KG-MaNGA-1-412631,J082042.82+192626.27,125.17841339111328,19.440629959106445,0.04332,5.980734,163.24329,0.5861977,4.745654,163.2432861328125,0.5861976742744446
446,KG-MaNGA-1-383589,J081004.72+194444.12,122.5196533203125,19.745590209960938,0.04485,2.3660898,125.427704,0.91679645,2.192398,125.42770385742188,0.9167964458465576
447,KG-MaNGA-1-460434,J082052.50+180055.94,125.21875762939453,18.015539169311523,0.04376,6.0604954,148.81305,0.62468576,4.4772305,148.81304931640625,0.6246857643127441
448,KG-MaNGA-1-383612,J080911.04+193938.38,122.29601287841797,19.660659790039062,0.04353,2.5128539,112.27997,0.89180386,2.669241,112.27996826171875,0.8918038606643677
449,KG-MaNGA-1-383608,J080924.54+193741.52,122.35225677490234,19.62820053100586,0.04468,2.537807,157.88391,0.80484545,2.31474,157.8839111328125,0.8048454523086548
450,KG-MaNGA-1-383040,J080918.92+182415.84,122.32881927490234,18.404399871826172,0.04451,5.710981,15.795654,0.93387765,5.0550656,15.795654296875,0.9338776469230652
451,KG-MaNGA-1-383050,J080701.89+172238.35,121.75785827636719,17.3773193359375,0.04497,3.4668279,25.556564,0.92408335,3.133896,25.556564331054688,0.9240833520889282
452,KG-MaNGA-1-412207,J080625.02+164241.58,121.60424041748047,16.711549758911133,0.04481,4.47704,51.868088,0.7241947,3.5241792,51.86808776855469,0.7241947054862976
