tables/tab_OH_cen.ecsv~
# %ECSV 1.0
# ---
# datatype:
# - {name: KGAS_ID, datatype: string}
# - {name: cubename, datatype: string}
# - {name: OH_Mar13_N2, datatype: float64}
# - {name: e_OH_Mar13_N2, datatype: float64}
# - {name: OH_Mar13_O3N2, datatype: float64}
# - {name: e_OH_Mar13_O3N2, datatype: float64}
# - {name: OH_T04, datatype: float64}
# - {name: e_OH_T04, datatype: float64}
# - {name: OH_Pet04_N2_lin, datatype: float64}
# - {name: e_OH_Pet04_N2_lin, datatype: float64}
# - {name: OH_Pet04_N2_poly, datatype: float64}
# - {name: e_OH_Pet04_N2_poly, datatype: float64}
# - {name: OH_Pet04_O3N2, datatype: float64}
# - {name: e_OH_Pet04_O3N2, datatype: float64}
# - {name: OH_Kew02_N2O2, datatype: float64}
# - {name: e_OH_Kew02_N2O2, datatype: float64}
# - {name: OH_Pil10_ONS, datatype: float64}
# - {name: e_OH_Pil10_ONS, datatype: float64}
# - {name: OH_Pil10_ON, datatype: float64}
# - {name: e_OH_Pil10_ON, datatype: float64}
# - {name: OH_Pil11_NS, datatype: float64}
# - {name: e_OH_Pil11_NS, datatype: float64}
# - {name: OH_Cur20_RS32, datatype: float64}
# - {name: e_OH_Cur20_RS32, datatype: float64}
# - {name: OH_Cur20_R3, datatype: float64}
# - {name: e_OH_Cur20_R3, datatype: float64}
# - {name: OH_Cur20_O3O2, datatype: float64}
# - {name: e_OH_Cur20_O3O2, datatype: float64}
# - {name: OH_Cur20_S2, datatype: float64}
# - {name: e_OH_Cur20_S2, datatype: float64}
# - {name: OH_Cur20_R2, datatype: float64}
# - {name: e_OH_Cur20_R2, datatype: float64}
# - {name: OH_Cur20_N2, datatype: float64}
# - {name: e_OH_Cur20_N2, datatype: float64}
# - {name: OH_Cur20_R23, datatype: float64}
# - {name: e_OH_Cur20_R23, datatype: float64}
# - {name: OH_Cur20_O3N2, datatype: float64}
# - {name: e_OH_Cur20_O3N2, datatype: float64}
# - {name: OH_Cur20_O3S2, datatype: float64}
# - {name: e_OH_Cur20_O3S2, datatype: float64}
# - {name: OH_KK04, datatype: float64}
# - {name: e_OH_KK04, datatype: float64}
# - {name: OH_Pil16_R, datatype: float64}
# - {name: e_OH_Pil16_R, datatype: float64}
# - {name: OH_Pil16_S, datatype: float64}
# - {name: e_OH_Pil16_S, datatype: float64}
# - {name: OH_Ho, datatype: float64}
# - {name: e_OH_Ho, datatype: float64}
# - {name: U_Dors_O32, datatype: float64}
# - {name: e_U_Dors_O32, datatype: float64}
# - {name: U_Dors_S, datatype: float64}
# - {name: e_U_Dors_S, datatype: float64}
# - {name: U_Mor16_O23_fs, datatype: float64}
# - {name: e_U_Mor16_O23_fs, datatype: float64}
# - {name: U_Mor16_O23_ts, datatype: float64}
# - {name: e_U_Mor16_O23_ts, datatype: float64}
# - {name: NH_Pil16_R, datatype: float64}
# - {name: e_NH_Pil16_R, datatype: float64}
# - {name: NO_Pil16_R, datatype: float64}
# - {name: e_NO_Pil16_R, datatype: float64}
# - {name: NO_Pil16_Ho_R, datatype: float64}
# - {name: e_NO_Pil16_Ho_R, datatype: float64}
# - {name: NO_Pil16_N2_R2, datatype: float64}
# - {name: e_NO_Pil16_N2_R2, datatype: float64}
# - {name: Ne_Oster_S, datatype: float64}
# - {name: e_Ne_Oster_S, datatype: float64}
# delimiter: ','
# schema: astropy-2.0
KGAS_ID,cubename,OH_Mar13_N2,e_OH_Mar13_N2,OH_Mar13_O3N2,e_OH_Mar13_O3N2,OH_T04,e_OH_T04,OH_Pet04_N2_lin,e_OH_Pet04_N2_lin,OH_Pet04_N2_poly,e_OH_Pet04_N2_poly,OH_Pet04_O3N2,e_OH_Pet04_O3N2,OH_Kew02_N2O2,e_OH_Kew02_N2O2,OH_Pil10_ONS,e_OH_Pil10_ONS,OH_Pil10_ON,e_OH_Pil10_ON,OH_Pil11_NS,e_OH_Pil11_NS,OH_Cur20_RS32,e_OH_Cur20_RS32,OH_Cur20_R3,e_OH_Cur20_R3,OH_Cur20_O3O2,e_OH_Cur20_O3O2,OH_Cur20_S2,e_OH_Cur20_S2,OH_Cur20_R2,e_OH_Cur20_R2,OH_Cur20_N2,e_OH_Cur20_N2,OH_Cur20_R23,e_OH_Cur20_R23,OH_Cur20_O3N2,e_OH_Cur20_O3N2,OH_Cur20_O3S2,e_OH_Cur20_O3S2,OH_KK04,e_OH_KK04,OH_Pil16_R,e_OH_Pil16_R,OH_Pil16_S,e_OH_Pil16_S,OH_Ho,e_OH_Ho,U_Dors_O32,e_U_Dors_O32,U_Dors_S,e_U_Dors_S,U_Mor16_O23_fs,e_U_Mor16_O23_fs,U_Mor16_O23_ts,e_U_Mor16_O23_ts,NH_Pil16_R,e_NH_Pil16_R,NO_Pil16_R,e_NO_Pil16_R,NO_Pil16_Ho_R,e_NO_Pil16_Ho_R,NO_Pil16_N2_R2,e_NO_Pil16_N2_R2,Ne_Oster_S,e_Ne_Oster_S
[from data line 343]
339,KG-MaNGA-1-603795,nan,nan,nan,0.04009202975811637,7.987207694733846,2.8489903206375775,nan,nan,nan,nan,nan,0.05995069870372547,8.898528317048012,0.17379925093129792,8.200285230231954,0.08779335053580804,8.090231192559564,0.13122484833944195,8.12975976050517,0.05469852797412542,8.32564843793133,0.05851507013081052,8.396527427277954,0.07622537037276808,8.653000344689733,0.055960821000131264,nan,nan,nan,0.03606998544009425,nan,nan,nan,0.05731530225698012,8.660827376033396,0.046203674854581704,8.653033360722137,0.12747517837545053,10.455220920826646,3.929044609875251,10.987809471478545,0.11125472241993149,8.967827718086793,0.058717402229938535,9.384649412104036,0.2720236696082249,2.9555896839651066,0.3204963019869694,4.227758696471171,0.09354567307555683,4.027504550101773,0.6199764530239735,3.458884770255595,0.2627018868745651,7.910194176313456,0.3790514662577013,1.3159124989839004,0.3280738367624759,1.8388631728207088,0.6165625447330313,1.3274910864060334,0.1433136096337596,2.418980110881759,0.34770806687534267
340,KG-MaNGA-1-36878,8.546911966672813,0.0025162730583344465,8.556438217625008,0.006934215150832289,9.016025713596257,0.014653043137091114,8.658077066901543,0.0031044927343087795,8.711092302451176,0.006153384356083064,8.765049665724648,0.010368919851711816,9.015423669439365,0.008556308968844016,8.564846911219426,0.018909934191330954,8.5530895291754,0.011255803350703976,8.565678868780616,0.018788656728079937,8.763177995375425,0.0058998173435951245,8.757527893771316,0.007962809877937042,8.73555653468829,0.01145712626139132,8.801040961697232,0.003405582772102956,8.764391722304538,0.009060082002652837,8.737077805809912,0.00438569698418768,8.781210625111704,0.012131533817459456,8.768952719512514,0.006311048781665912,8.503479611509144,0.012050859725966447,9.022404659767814,0.0031531623382782185,8.5814072677451,0.02380506913340635,8.565221888834026,0.02744847760932446,8.651085312864215,0.007296625905377223,3.1101544834151955,0.04304092652788928,3.1796906064830273,0.011798908869188053,4.339560752937316,0.0832594972178842,3.5695966839969064,0.035279447973679746,7.787796361811263,0.024827659096644708,0.7952414156802387,0.028291326973636788,0.8646709410267905,0.019682954197623375,0.7905682382316446,0.014479081884680754,1.2294466748558364,0.4682432500909026
341,KG-SAMI-16487,8.514150718073727,0.04059993221723999,8.552893168011016,0.061362827351547335,9.166429760277554,0.24858721466128783,8.621449682714927,0.049700762857441634,8.64230678933591,0.08184452134741257,8.758304934647505,0.09038657996336859,9.071334599236724,0.13972710557315085,8.564173874221648,0.17754386333110153,8.576661462778185,0.15552349567799256,8.478796788732389,0.13168871775330815,8.738774389343458,0.042896578927435224,8.746586929815132,0.046330842150309116,8.600889622016513,0.13225430363734594,8.742983226689626,0.019393084965871454,8.785062264522445,0.03979102907475258,8.690958337295667,0.0563837267588026,8.74229801297642,0.060462153711604245,8.749284941669107,0.04527055893772186,nan,nan,nan,0.129801227922075,8.56395196463536,0.09528159584380963,8.415714163785866,0.13164703662434982,8.617566840136494,0.13267077932935356,2.8465870696737263,0.5567548163819073,3.430328328523376,0.0928376710538726,3.839469332522683,1.077001120214181,3.377485295706456,0.45635640687041584,7.88860089469807,0.3272104493082003,0.7338494065269686,0.293215015235866,0.8078026975818959,0.1683088142403065,0.7018935349504254,0.19997518170485665,2.334728675869079,0.4262693874721406
342,KG-SAMI-492957,8.398737507731608,0.032978492199949534,8.364876468102038,0.02752850717541747,8.819126825455962,0.14012692993215758,8.475973621427322,0.040687750116820944,8.429272152658177,0.047818783246408855,8.47863346451642,0.04116412287912891,8.783682138447444,0.10684322456334841,8.287738757910088,0.15284211821913665,8.352358331212846,0.20152769370488308,8.25538788269851,0.18550865639808778,8.596031070586964,0.03235232596409232,8.590985532032116,0.033117377613717344,8.557057797510343,0.057800321273161245,8.72195255847032,0.028502916078521272,8.734971037476875,0.046867891074418654,8.54681859364813,0.03682021476053946,8.63800301684638,0.08624791950278672,8.577254097985243,0.030285928793078183,8.809458267509816,0.027889855890727292,8.934043235021681,0.09624377833060507,8.317478095217032,0.18724613686031177,8.21861828175229,0.16617826460822446,8.332010368029074,0.08700382966027466,2.504322766534284,0.17769724997069203,3.402320148809624,0.06295130284513137,3.169496516520115,0.34374222125478127,3.0770656411110124,0.14565348358253444,7.3291078126054074,0.17942226738032283,1.0029929120949328,0.20852033946003973,1.014087307540267,0.13286484286440922,1.062577220303084,0.11718823969242116,2.142028023435622,0.40502701794272783
343,KG-SAMI-93674,8.521787590375865,0.03804137181268083,8.518379462634691,0.0750469332539761,8.95014311464946,0.46796121818641395,8.633233891456147,0.0448176720289922,8.654114366542265,0.07792274328628955,8.705696227803184,0.10919449147987714,9.031976114528334,0.2197024765981755,8.594211818539792,0.13409146179184722,8.583128557573032,0.1463661658290895,8.57280535565103,0.10482720358593625,8.727956712916182,0.07183472191618695,8.698089005200915,0.08132220540008292,8.56808187896039,0.15705507207353203,8.78399383308439,0.05335498346793185,8.772426989515457,0.039308038291593586,8.699506774785478,0.05385090380729057,8.693726840594284,0.08985916859846219,8.717283747821504,0.05922143555568406,8.705575823696734,0.09749876720772774,9.036385550686255,0.3769961614862885,8.530011657082804,0.16337905985342016,8.550352194104729,0.11565159827177111,8.701444626455963,0.157741396120432,2.7907877894737063,0.7167858557166363,2.8633483795916685,0.32619205730451784,3.7326311440508593,1.3865693602387392,3.36614429178912,0.5875293899316691,7.879759020758177,0.44719095681298004,0.7397876767332463,0.36364822825457943,0.9275704816777207,0.39424280225403235,0.8892926889900312,0.2769627810542677,2.8031714944467923,0.5031613806648473
344,KG-SAMI-505316,8.584383062202066,0.0434320598915639,8.52350469504178,0.08591681340772245,8.653077180627355,0.8167051555380793,8.633636201652006,0.0708905939653457,8.647871021197505,0.08823942258166532,8.714320878506163,0.12666990639935452,9.049327036777544,0.1879289594885677,8.481187019126779,0.13966516140358506,8.429541608767144,0.1551372627587187,8.39302189796434,0.15087213331030924,8.602295517844164,0.12466494612745165,8.600843133560401,0.11929303974751859,8.582597660301927,0.12738594156930277,8.720205302261169,0.027203131305104156,8.759028788500537,0.047763379519688585,8.619701894143507,0.06123292505819875,8.653031922517815,0.10821077151086544,8.714849256710119,0.07704551383904283,8.680424336576893,0.09284414818078841,8.865150706352782,0.805522682331634,8.768209307349734,0.21052879358756785,8.679407244854703,0.20392183871113465,8.927751012620718,0.2272368500275644,2.7546319895838685,0.5689157877205988,3.6918433208061803,0.355711502301051,3.6633938325802435,1.1005256221480437,3.2953323017229574,0.46632441616442527,8.054943766091576,0.36228915360820885,0.7072291437001277,0.380756253115475,0.9177656951015188,0.34425757467928,0.8390270130497298,0.24988179843765498,2.88635651201385,0.46222607651438785
345,KG-SAMI-508908,8.558391017541664,0.015918971518806682,8.566292737219506,0.053382518691645106,9.019151364355046,0.21071412042689566,8.672266559089701,0.01925037406277741,8.73961488110871,0.03924756556938582,8.779810705280102,0.0798243270155439,9.045456178748758,0.12279119517429271,8.609063601611734,0.11469380236872077,8.574747468954738,0.09958877077575763,8.580890108894918,0.07951538864292232,8.760763158484854,0.044687176372142985,8.743087292038751,0.04845598925545236,8.684232540501833,0.10034041399219096,8.81329078990354,0.01935325672215475,8.768279263977515,0.05115809991688194,8.756597650762238,0.027485151469547126,8.713692288112888,0.09308840170829653,8.765442015477072,0.03634676508041962,8.707569709529706,0.07741413610645867,9.00083157838633,0.0980472347456616,8.570293014026063,0.12473288939376277,8.573246721320444,0.11100148510252683,8.68835267101741,0.07986078204078043,3.0772256721005893,0.449569923900066,3.0978389274944957,0.1100483921147026,4.285279102292523,0.8696598527902918,3.5570384325246156,0.3684999376230051,7.882928448536122,0.2895533575717944,0.7129877092000418,0.26544499101677016,0.8342862088525796,0.22157063953383188,0.7487214078711188,0.18921656664567998,2.3654297554580572,0.5070872762754504
346,KG-SAMI-485921,8.443510587506127,0.07077223737236803,8.516211133217777,0.11773947579280912,8.632363857839575,0.8279751723127424,8.544316183010231,0.05329907256566598,8.413998977878036,0.056855883136742905,8.68616112261131,0.17642706470005104,8.83265588330276,0.28541435485623107,8.291426381807367,0.172766238597781,8.216492718733106,0.19343155714562996,8.26332767600369,0.23423126040977127,8.512783570904022,0.12103411476891208,8.608178315826965,0.13821604312241392,8.51091513002548,0.13664495840889096,8.776983122301806,0.006320511920216543,8.717211972108373,0.061243582320568694,8.495456897345328,0.05250311255627103,8.6304149849668,0.07848000502272341,8.672470707877276,0.11796329772652064,8.64996565485337,0.013414985799863674,8.80814941707545,0.4383773402124691,8.316074633720348,0.20874703025472394,8.35661088145547,0.21440033934752267,8.544443490535238,0.16075084815084179,2.610891656421177,0.6203940744634211,4.503775487635834,0.9995423766161258,3.42768094510719,1.2001065702735032,3.185811694681247,0.5085197331667386,7.332776625021274,0.3776228074153004,1.3298775018683098,0.29406781562204337,1.371586751253781,0.23513553319916256,1.0843383562427624,0.2854411731959946,3.044480602631827,0.45041329467009744
347,KG-SAMI-508632,8.608458679278472,0.020004964057672728,8.513068466045059,0.07485564935826539,8.365785855869316,1.0566447079120822,8.755108026579114,0.029145493435637968,8.758017754940703,0.05804263095770802,8.70034003926427,0.11193368128338743,8.993200994004235,0.2511354476692003,8.466918579707187,0.1607949272458726,8.412001834743133,0.16596687157375506,8.340393282958793,0.10890834848811684,8.533806650964731,0.13016891520181448,8.570739383579877,0.13532625359661207,8.567591229020776,0.14968509062665727,8.785058217181739,0.021772910392299005,8.731497780290752,0.04765054193117512,8.7232871482752,0.016668892078575397,8.645183952759549,0.10276747190806372,8.718616005866512,0.06692145274153449,8.64467333328574,0.057737454739444506,8.854204136583942,1.1058895432880078,8.830302334797675,0.1587055069614256,8.692916276338556,0.15457940097321896,8.941247650889732,0.21142992895488202,2.719845002104578,0.6339736310834359,3.870041597679119,0.19135273311385878,3.592113200256655,1.2263752207843512,3.2612964380394893,0.5196505172815049,8.029326173816852,0.4423991676846115,0.7796747174790245,0.425365146741652,0.9726678775578491,0.4754464872759844,0.941797995082108,0.2393607466576515,2.536384813479818,0.4268947755781596
348,KG-SAMI-508593,8.586053212398484,0.023063864311407424,8.460544139538396,0.051333635340028154,8.667836339749075,0.4368889053309291,8.710840192314478,0.019306147460259975,8.780330170562515,0.04073849922782617,8.62170133570144,0.07676057620938785,8.953373629459243,0.1754752852403048,8.4794419336583,0.11572811149136555,8.446017581060275,0.11078323955636604,8.402083254460749,0.08640853942283648,8.584643464487256,0.08370739279286261,8.585762458439104,0.08836586631289126,8.589289399343144,0.11668743557789756,8.732377631389724,0.038124311917919686,8.743512056181673,0.05256905376867235,8.779880189710976,0.026075095819228615,8.622694407215013,0.11546699976082647,8.673305407221118,0.04680566007109501,8.727571032736321,0.08920952020054068,8.931568577063638,0.3383386922741732,8.58786840835691,0.15830485984633183,8.545946109298256,0.1333981449939697,8.74197210259119,0.11454995866820805,2.668123132365182,0.4158727117115042,3.4974092871315148,0.11879571275197746,3.487343356524275,0.8044750816714343,3.2338969239482616,0.34087927189467554,7.807847345035631,0.33613160269236503,0.8252180540180658,0.31536406319219346,0.987157041676949,0.30000459029881116,0.9528598616938431,0.20183052080599917,2.35824745505338,0.4454193310606273
349,KG-SAMI-485883,8.4204071991478,0.051310310750674125,8.47460851989787,0.11214379282764073,8.918832752164226,0.20766609983481693,8.42279979727915,0.13194190933784333,8.428495177815927,0.14361595566850047,8.629142037747412,0.1787548933853499,inf,0.3063415352703389,inf,0.0,8.008221663928222,0.006740610248718563,8.044484646027728,0.14917129489998926,8.519903014772401,0.144693491115031,8.593953956533127,0.11766035640170155,8.513064107888614,0.1499580122623691,8.582016424147417,0.034231768201056806,8.652295622631156,0.07207479770555962,8.49851334515739,0.10542370670824801,8.63395004316857,0.07140048101175861,8.592570728300323,0.1249094985929154,8.645504606404003,0.05655265070021276,8.850046859945499,0.19648444540642054,inf,0.2740564259890471,8.02242667946118,0.1912301837070486,8.097236353126487,0.057698756315825814,inf,0.6292258004780448,4.09491543323919,0.940292940420188,3.282873240455398,1.2171908927280208,3.1465863778893572,0.5157588528508563,inf,0.43541775232177987,1.0722696914233618,0.24500644419678047,1.6829391343123605,0.0,1.0129549717972022,0.16904550534382481,3.2471315121213324,0.35431210704038063
350,KG-MaNGA-1-83094,8.476433216984624,0.05416612136767539,8.49701448076914,0.08270372764750039,9.140765336604607,0.22429562974706163,8.539824771782959,0.08038676993388134,8.557962098496024,0.0953509935034231,8.665365570801814,0.13260451397180767,9.069343655358756,0.20121851296277388,8.468439982402458,0.22917174581271665,8.520835745135113,0.20926521181621677,8.149770798479823,0.22133613859350226,8.5730150507666,0.0852940803624391,8.60515999564262,0.07494474207031389,8.382542803353505,0.1916262501852152,8.740191052749001,0.054612705779075066,8.645172094748512,0.06426477697514847,8.581845033171279,0.07026903180609781,8.672938463177655,0.0650468582901206,8.675040401229412,0.07382833835636285,8.734817028866432,0.02256021174188738,8.880590927263126,0.11026154742369079,8.408416630220371,0.21726550073641596,8.613277285037734,0.21258383417895263,8.891354826361681,0.19289259791616437,2.092373452583005,0.6603135728008565,4.573168791375502,0.7847910559901431,2.4822658984949406,1.2773278949262465,2.787505102579746,0.541240633443325,8.138162998752401,0.4161081814264184,1.0068071679201405,0.39793844993300354,0.8252212232213408,0.13580019144388392,0.7929161760654632,0.08047992295100966,3.127435213845836,0.2106886451468355
