tables/tab_OH_Re.ecsv
# %ECSV 1.0
# ---
# datatype:
# - {name: KGAS_ID, datatype: string}
# - {name: cubename, datatype: string}
# - {name: OH_Mar13_N2, datatype: float64}
# - {name: e_OH_Mar13_N2, datatype: float64}
# - {name: OH_Mar13_O3N2, datatype: float64}
# - {name: e_OH_Mar13_O3N2, datatype: float64}
# - {name: OH_T04, datatype: float64}
# - {name: e_OH_T04, datatype: float64}
# - {name: OH_Pet04_N2_lin, datatype: float64}
# - {name: e_OH_Pet04_N2_lin, datatype: float64}
# - {name: OH_Pet04_N2_poly, datatype: float64}
# - {name: e_OH_Pet04_N2_poly, datatype: float64}
# - {name: OH_Pet04_O3N2, datatype: float64}
# - {name: e_OH_Pet04_O3N2, datatype: float64}
# - {name: OH_Kew02_N2O2, datatype: float64}
# - {name: e_OH_Kew02_N2O2, datatype: float64}
# - {name: OH_Pil10_ONS, datatype: float64}
# - {name: e_OH_Pil10_ONS, datatype: float64}
# - {name: OH_Pil10_ON, datatype: float64}
# - {name: e_OH_Pil10_ON, datatype: float64}
# - {name: OH_Pil11_NS, datatype: float64}
# - {name: e_OH_Pil11_NS, datatype: float64}
# - {name: OH_Cur20_RS32, datatype: float64}
# - {name: e_OH_Cur20_RS32, datatype: float64}
# - {name: OH_Cur20_R3, datatype: float64}
# - {name: e_OH_Cur20_R3, datatype: float64}
# - {name: OH_Cur20_O3O2, datatype: float64}
# - {name: e_OH_Cur20_O3O2, datatype: float64}
# - {name: OH_Cur20_S2, datatype: float64}
# - {name: e_OH_Cur20_S2, datatype: float64}
# - {name: OH_Cur20_R2, datatype: float64}
# - {name: e_OH_Cur20_R2, datatype: float64}
# - {name: OH_Cur20_N2, datatype: float64}
# - {name: e_OH_Cur20_N2, datatype: float64}
# - {name: OH_Cur20_R23, datatype: float64}
# - {name: e_OH_Cur20_R23, datatype: float64}
# - {name: OH_Cur20_O3N2, datatype: float64}
# - {name: e_OH_Cur20_O3N2, datatype: float64}
# - {name: OH_Cur20_O3S2, datatype: float64}
# - {name: e_OH_Cur20_O3S2, datatype: float64}
# - {name: OH_KK04, datatype: float64}
# - {name: e_OH_KK04, datatype: float64}
# - {name: OH_Pil16_R, datatype: float64}
# - {name: e_OH_Pil16_R, datatype: float64}
# - {name: OH_Pil16_S, datatype: float64}
# - {name: e_OH_Pil16_S, datatype: float64}
# - {name: OH_Ho, datatype: float64}
# - {name: e_OH_Ho, datatype: float64}
# - {name: U_Dors_O32, datatype: float64}
# - {name: e_U_Dors_O32, datatype: float64}
# - {name: U_Dors_S, datatype: float64}
# - {name: e_U_Dors_S, datatype: float64}
# - {name: U_Mor16_O23_fs, datatype: float64}
# - {name: e_U_Mor16_O23_fs, datatype: float64}
# - {name: U_Mor16_O23_ts, datatype: float64}
# - {name: e_U_Mor16_O23_ts, datatype: float64}
# - {name: NH_Pil16_R, datatype: float64}
# - {name: e_NH_Pil16_R, datatype: float64}
# - {name: NO_Pil16_R, datatype: float64}
# - {name: e_NO_Pil16_R, datatype: float64}
# - {name: NO_Pil16_Ho_R, datatype: float64}
# - {name: e_NO_Pil16_Ho_R, datatype: float64}
# - {name: NO_Pil16_N2_R2, datatype: float64}
# - {name: e_NO_Pil16_N2_R2, datatype: float64}
# - {name: Ne_Oster_S, datatype: float64}
# - {name: e_Ne_Oster_S, datatype: float64}
# delimiter: ','
# schema: astropy-2.0
KGAS_ID,cubename,OH_Mar13_N2,e_OH_Mar13_N2,OH_Mar13_O3N2,e_OH_Mar13_O3N2,OH_T04,e_OH_T04,OH_Pet04_N2_lin,e_OH_Pet04_N2_lin,OH_Pet04_N2_poly,e_OH_Pet04_N2_poly,OH_Pet04_O3N2,e_OH_Pet04_O3N2,OH_Kew02_N2O2,e_OH_Kew02_N2O2,OH_Pil10_ONS,e_OH_Pil10_ONS,OH_Pil10_ON,e_OH_Pil10_ON,OH_Pil11_NS,e_OH_Pil11_NS,OH_Cur20_RS32,e_OH_Cur20_RS32,OH_Cur20_R3,e_OH_Cur20_R3,OH_Cur20_O3O2,e_OH_Cur20_O3O2,OH_Cur20_S2,e_OH_Cur20_S2,OH_Cur20_R2,e_OH_Cur20_R2,OH_Cur20_N2,e_OH_Cur20_N2,OH_Cur20_R23,e_OH_Cur20_R23,OH_Cur20_O3N2,e_OH_Cur20_O3N2,OH_Cur20_O3S2,e_OH_Cur20_O3S2,OH_KK04,e_OH_KK04,OH_Pil16_R,e_OH_Pil16_R,OH_Pil16_S,e_OH_Pil16_S,OH_Ho,e_OH_Ho,U_Dors_O32,e_U_Dors_O32,U_Dors_S,e_U_Dors_S,U_Mor16_O23_fs,e_U_Mor16_O23_fs,U_Mor16_O23_ts,e_U_Mor16_O23_ts,NH_Pil16_R,e_NH_Pil16_R,NO_Pil16_R,e_NO_Pil16_R,NO_Pil16_Ho_R,e_NO_Pil16_Ho_R,NO_Pil16_N2_R2,e_NO_Pil16_N2_R2,Ne_Oster_S,e_Ne_Oster_S
[from data line 432]
428,KG-MaNGA-1-480,8.524615351782003,0.013030091890433885,8.492396328561698,0.02045207034268612,8.80690435897737,0.13204726880337284,8.633868442988959,0.01586714797948661,8.660452558187325,0.029256236524872706,8.669326308299642,0.030582535091867147,8.887564742444098,0.06098440664903091,8.495356613716002,0.04307386530568012,8.478022718766272,0.03791038198846325,8.465069003412843,0.035462793002167516,8.671707133289026,0.02296502222815173,8.688979898282557,0.027716387954855228,8.720376843342937,0.03516697082604517,8.714754451168824,0.01266785716642051,8.68638532550007,0.0375924337962932,8.703320472725817,0.019808750737946433,8.642104495057778,0.06480689510137679,8.708428682233793,0.01981478341479844,8.775754435397106,0.023690339940351288,8.935187549339485,0.33957963408378883,8.926850549797965,0.06465072361616249,8.443632667317221,0.057324540134457,8.555829063296828,0.04212409566229616,3.070383142230263,0.13916284052548045,3.524124924418154,0.04163675955182363,4.263442547499874,0.2692002488853556,3.540911787216368,0.11406790207006594,7.541831967882703,0.1282164093251523,0.967295694918785,0.10102006804703127,1.023721121644213,0.10339215542419099,0.9852436113868767,0.07784577473828165,2.239655305980379,0.30038426591762707
429,KG-MaNGA-1-1037,8.418581339435951,0.07952016640587847,8.404075973781525,0.06408797616931532,8.466133275085182,1.34240599699582,9.580691966723437,0.11112266553613612,8.455805081792514,0.12757096510796204,8.529989218500836,0.09862242482597486,8.677806084666738,0.22157706850817396,8.148091791621267,0.2760561431242589,8.036026943749327,0.3391843528671588,8.006128810131704,0.3383819994945876,8.577269942415562,0.08565448186340212,8.600079959515721,0.07859326478526191,8.6327459904144,0.0874130884611869,8.686105751514736,0.05221554372895313,8.692984723382182,0.06415293846933383,8.542206771572008,0.10724276263481544,8.59640316325979,0.11709889016058725,8.588681637026076,0.08290669135377694,8.693553056591218,0.04288486929552677,10.161209344018388,1.4367261899620203,11.227283693764548,0.3200169681641191,8.129377234179309,0.24565279584735172,8.368395169092103,0.23873747018937105,2.93977931922968,0.43254733233536713,3.755031517657768,0.22053958112071836,4.0097730951097805,0.836730905173333,3.468255761608145,0.354546993717514,6.973571661552421,0.5099829495121687,1.4063642203579838,0.38668683429089556,1.5861644184621462,0.45427254054829297,1.3213460462504296,0.1651172126515416,2.632693885247007,0.38497950768497174
430,KG-MaNGA-1-245,8.453089064577412,0.07210655266801796,8.50724362392591,0.10383663158832244,8.957168135307485,0.8924616668478804,9.565652790959494,0.09479390873927708,8.4645959099642,0.11400056486770864,8.678029116745506,0.15521164203516147,8.868241599301246,0.25566962750127803,8.220641921894904,0.14975898593203507,8.203660692622524,0.17470796831720797,8.055574855298909,0.22450141907626978,8.537685196321704,0.1259664519692723,8.59721307019378,0.12006217576067188,8.524532099894445,0.15301761629103877,8.68719777578489,0.02864436905758412,8.697998476343372,0.06273503564763469,8.52603862442391,0.08805910224866986,8.637481997905681,0.08505389023858514,8.654530073087495,0.1048382356243008,8.67062010226009,0.020009728223373942,14.880069893256964,0.7014331180850212,9.063672649471506,0.23889420033726408,8.361986854539367,0.2553506434351632,8.602625152236993,0.19525820859964296,2.655265886167705,0.6800866332749612,4.451898844011509,0.824210599493514,3.50345102457879,1.3155774217450067,3.248659806113123,0.5574480600614435,7.484624004621996,0.37071041620174805,1.302675429974154,0.2923441936219766,1.4501822321984164,0.18261237362800226,1.0556847083979157,0.1784616060760824,3.2349833899431437,0.35182823609602487
431,KG-SAMI-545986,8.46946059839761,0.03838694579452453,8.457832310103951,0.05911696372670418,8.656658788015514,0.5952715897908345,8.625897158414805,0.04900460114225299,8.55415742349394,0.07084080571406938,8.613010411600863,0.08781378108786832,8.838492068743708,0.21485847404733324,8.40188824506642,0.14747689224264182,8.389789193833781,0.15052274824284673,8.339790190292147,0.14666733266669388,8.652108229846354,0.06859616884009118,8.655569118250098,0.06992503679320562,8.584295369282044,0.11430570594235408,8.722917370430894,0.04822836395092972,8.732266708275914,0.05207600122248942,8.628853520107308,0.04873363181717299,8.66668485325916,0.09780190499954143,8.65618205180113,0.05853531241000235,8.685925577831147,0.05283610846430467,9.3966358402632,0.7261972013852295,8.961563949191085,0.20043329229178913,8.302401538429413,0.1829553947960398,8.502182769510991,0.16434261961517682,2.889495117630346,0.5176267156292252,3.496686773612041,0.1878876609170117,3.972199947742446,1.0013106958073534,3.4139788645544282,0.4242841931387092,7.404644496217703,0.41710788967744417,1.094626647848831,0.31305320234062944,1.2815206909430747,0.3393971775036836,1.05884923386576,0.21088486601700207,2.6167511216249757,0.44911531870849725
432,KG-MaNGA-1-83058,8.480737720944356,0.062055000798297975,8.511789140047911,0.10167244256146432,8.628276155453444,0.6610540974173431,8.617702109581943,0.07774350762822504,8.50836762507649,0.09164041750709798,8.690732631093054,0.15553728773059178,8.965264421601658,0.22995832334041422,8.299300536448667,0.11873557783008548,8.277563380334072,0.13434980199424032,8.075479791940175,0.15866728185273998,8.516293853552773,0.13286992703434386,8.602116131849971,0.10850047033474294,8.514786922369868,0.1532320912771513,8.75883161990478,0.01524596586395124,8.734096313373861,0.043850277707639294,8.566277110765125,0.07609785639893975,8.644443635507795,0.07038861452055298,8.659420781651168,0.0985915636609099,8.655749160100548,0.05151838077625577,8.992951221393277,0.5504069715081003,8.630303373413966,0.21499614099481004,8.428642505677015,0.2027449288916162,8.744824111628002,0.14050302337089401,2.5984831761191027,0.6736316833061502,4.4228667583443375,0.7895796031783717,3.4230589997646863,1.303090797215176,3.1883101824314233,0.5521571174640576,7.8132659702758405,0.2987349642135885,1.1326459560328654,0.21896898881944862,1.1825945101008424,0.1678078771604988,0.9604066628807496,0.16334911456097076,3.1177129369832612,0.38095682264624764
433,KG-SAMI-492690,8.44325800011415,0.08064593241689297,8.486785099892405,0.10348891661937445,8.598403652167038,0.5568077214729119,8.569090872038267,0.10090492430903224,8.483422180161167,0.11650630136394703,8.646968067100639,0.15347446935622241,8.80344257259656,0.24495006834455416,8.20897186064603,0.09701356811632394,8.158683451943439,0.13151104342354925,8.098983251636126,0.197672023784135,8.522582166244144,0.13779957230383733,8.574157197753443,0.12173266001485697,8.516188205025628,0.15703144581035025,8.664757656802207,0.033691547989389725,8.675437053397197,0.05994995851539267,8.54075112171961,0.09649558263568958,8.62346126870126,0.10957181043758916,8.631708596764993,0.10971487029804332,8.71743890895043,0.012188453842981152,8.764942260743627,0.6239588955532279,8.678084233502323,0.20491698808634473,8.41340323929758,0.18336363218619214,8.408511323517937,0.15172835262027085,2.6096456827637837,0.6158468813378243,4.167141120379637,0.8908153565788861,3.402973168185437,1.1913103606207092,3.177880205833327,0.5047925256867412,7.235146929298065,0.38966999960822746,1.442367226610287,0.19148629246718196,1.399072481594785,0.11142141804169359,1.1177639479105805,0.1791798147640818,3.436554824769231,0.27152283470352623
434,KG-SAMI-487019,8.510154354246886,0.06465640418919714,8.48743230301725,0.09264601152802378,8.12970005256892,1.414104992990751,9.014525290022199,0.08169308230528906,8.602068657158952,0.11192270186347272,8.65146932838633,0.13886903691595712,8.689764747948253,0.27410788729671726,8.241198350254482,0.16115788947030485,8.14001162299247,0.19993174463706526,8.098776013570804,0.1953301840220787,8.543420986779667,0.11687913141488396,8.606933196668907,0.10260098475743817,8.598166514017162,0.11840962763131793,8.671569213329327,0.04032575091627197,8.680745592339624,0.0624595864208081,8.640039163103985,0.08003094039788217,8.600299350601624,0.10045223061235244,8.655611396198553,0.09416711998103552,8.669646022571543,0.05317501352356144,34.737777387791525,5.53208832432207,76.20445890905644,0.24279371848590978,8.23071545635787,0.21534633236342773,8.560171494605358,0.20811507001914897,3.1458295546080444,0.6786397656855578,4.394677374278182,0.5612660661779443,4.45088408750399,1.3127785631294397,3.6336965848856653,0.556262103020949,7.057018767919238,0.4837608654082579,1.4352106980584312,0.35557144658646445,1.8263963430277592,0.44344883334471163,1.3451727686979515,0.20443634791760276,2.9858005773617036,0.4015731469111987
435,KG-SAMI-487027,8.521393221777254,0.03179456649080136,8.498759552735216,0.05707630190381912,8.576923525016031,0.8177208347468037,8.836983914463458,0.03526573598929888,8.647456455221276,0.060006314588001305,8.675287497521465,0.0843187804017778,8.893684879024645,0.16931180995478012,8.485105274643638,0.11164434592155191,8.453462309506525,0.1143995810058101,8.410097060772173,0.10682349591071637,8.667777744351385,0.06476189832484058,8.67464210306639,0.06338509436876924,8.62687775545504,0.09880944041203298,8.707860105952692,0.028914324345180542,8.747954962948796,0.042426990523304384,8.690802150285897,0.03973045330281499,8.685671992778442,0.07935529896093733,8.699660909074971,0.05156137138519284,8.721733309862485,0.0405774661140667,18.57589303826761,1.5803096574424829,18.571864234691304,0.17034472806759926,8.425311482245732,0.15346908014751892,8.63019292471485,0.13444166514323047,3.03861929032338,0.49570107562580834,3.6061120387900747,0.21650424642853663,4.23818103967707,0.9588971626859898,3.553771031955306,0.40631235707033464,7.5343904172113785,0.36156653971288616,1.07578720046275,0.2731673220197717,1.3412367500125293,0.2899694100676424,1.044742986223198,0.18085858076574338,2.451723882131599,0.41049857898446096
436,KG-SAMI-239560,8.560091457259448,0.05446314850808439,8.496899971033638,0.08617566652962817,8.276544570783413,1.5831271207690807,9.372964229108595,0.06300906711661851,8.688797911438453,0.09295657094162428,8.67291287110003,0.12844338431653063,8.803943305691602,0.25665244306663637,8.344203481105406,0.19412213559245056,8.298740964772561,0.20802198172323091,8.286541982452343,0.19710102513491037,8.60102926833915,0.11531623668192596,8.625343752724756,0.1100224325842812,8.624397386411932,0.12101738909978015,8.694117384223567,0.03665755094875443,8.722261472943464,0.04622020068456197,8.697027820746499,0.06773540689166374,8.603421857082013,0.11798399271187918,8.685968730739624,0.08246720857992508,8.674287622241772,0.04281031288802495,10.153820820613868,1.862142264699494,11.109452498990583,0.2549213845591495,8.418408286963626,0.22580522114926077,8.66097436267049,0.2540793495321819,3.0883537154606158,0.6674413120022439,3.826993869828909,0.3578427602419805,4.306714048869989,1.2911159805945045,3.5868578779292166,0.5470830426247901,7.3967783704651495,0.5113946857069602,1.1991230109409068,0.3876535916144042,1.4331939858250544,0.47551705296194974,1.1986770791022703,0.25276654727533066,2.845092467663323,0.43668562753440787
437,KG-MaNGA-1-82684,8.47174312535676,0.06356194692564211,8.526283404830599,0.1038968879900234,8.661751684474003,0.5827621621747905,8.55419322337432,0.08714735878781238,8.503380285845793,0.10843922640184586,8.707300670154957,0.15869282033389426,8.923428744967836,0.23911322113536324,8.217700038979372,0.09363628842970811,8.258832494416108,0.12215100826144402,8.118382659621805,0.18104820110037234,8.534418889831628,0.12850628356549415,8.595945948155462,0.10266971252570167,8.507608305186114,0.14425555297774367,8.727714837995835,0.019132094833975308,8.721945374982536,0.05432546044595866,8.562259041589481,0.0751835180770212,8.650459450677257,0.07495456808763556,8.674700784443182,0.0946849981261544,8.698376958097553,0.018337505404545647,8.866605666861815,0.41372308724087553,8.54214014031661,0.21996003595798352,8.370945349465726,0.207308585497948,8.69996694458166,0.10409456281988037,2.640742106710948,0.7202144044421307,4.5046579495693955,0.868251060887917,3.4936963029376447,1.3932016348224818,3.2593577334533395,0.5903396757722382,7.685330447703975,0.3268955130835443,1.155952807003707,0.3070868771520791,1.2100756682188165,0.09783564423111002,0.9394796924762493,0.1795097522964267,3.0867126195313084,0.35831160404223233
438,KG-MaNGA-1-83063,8.459360137481651,0.06839773965619997,8.50555939877003,0.09338656167804568,8.45946395678146,0.8443821435524532,8.682343272464019,0.09525559671956327,8.507482470742522,0.11287339828868063,8.676447625782409,0.14333208913943005,8.98213132923808,0.20822309769940142,8.211751034020274,0.11225258008783971,8.176600615628601,0.14993887929613753,8.082742250248048,0.16436799652322734,8.55965359449298,0.11136484968470187,8.612902202459903,0.08903547473869419,8.477932458339835,0.14946552124774087,8.72495141575149,0.03015932797267843,8.716573083043475,0.054454818476050486,8.55381912170512,0.09216306359338741,8.635114404613308,0.061235393887019256,8.65598949869041,0.10778596392184778,8.688097265203943,0.03920253274871836,9.287631635225889,0.7591351462064758,8.662083701109555,0.16251672278848242,8.411466880474077,0.15233059622143413,8.799004525210018,0.15930641007656585,2.545949875735127,0.6874787722449778,4.108475736052231,0.7840333227395946,3.3169222290907,1.3298769692607766,3.1336849255002055,0.5635071903647362,7.4565968383453,0.38453462575967684,1.5212255533312617,0.257599455985746,1.7459793568067121,0.26786186384637994,1.1169090697122703,0.1353551103144087,3.167796260562669,0.3052049685908331
439,KG-MaNGA-1-82687,8.46270711129543,0.06586929699295319,8.514957378895065,0.10315804669701856,8.828327523165798,0.4667367244909168,8.553050548462762,0.0893215424032575,8.487516320166156,0.10583479182010225,8.685647343768608,0.15303558413103013,8.844142597854123,0.25220578552406336,8.150109843262694,0.1295642079539,8.134361724954806,0.1450009438409487,7.993430672805151,0.21492595188828895,8.537065657170523,0.12289676321746938,8.610508772291698,0.10355213615696651,8.53884699093971,0.14479253184421406,8.732593821573781,0.017891145829359505,8.705476027252832,0.06641595176846815,8.53573635152686,0.07804112283003338,8.64826326545356,0.07827648976565314,8.65810730141345,0.09743159426914548,8.645541956721535,0.0065549524063754985,8.751507884622226,0.49209274867862,8.589483308555478,0.21116226314135184,8.274859810649728,0.22122860665430494,8.552658462406974,0.1409745260727559,2.6352814506471627,0.6300579641355082,4.398511483944517,0.8101913941851062,3.4642438149301604,1.2188006519342618,3.226467714786287,0.5164409542094329,7.335778513885374,0.3114474568471981,1.4479965519477418,0.21671695966861906,1.3892406074111074,0.14869834039074684,1.065146380235135,0.15550495284855376,3.158600893926263,0.32819675180007873
