tables/tab_OH_cen.ecsv~
# %ECSV 1.0
# ---
# datatype:
# - {name: KGAS_ID, datatype: string}
# - {name: cubename, datatype: string}
# - {name: OH_Mar13_N2, datatype: float64}
# - {name: e_OH_Mar13_N2, datatype: float64}
# - {name: OH_Mar13_O3N2, datatype: float64}
# - {name: e_OH_Mar13_O3N2, datatype: float64}
# - {name: OH_T04, datatype: float64}
# - {name: e_OH_T04, datatype: float64}
# - {name: OH_Pet04_N2_lin, datatype: float64}
# - {name: e_OH_Pet04_N2_lin, datatype: float64}
# - {name: OH_Pet04_N2_poly, datatype: float64}
# - {name: e_OH_Pet04_N2_poly, datatype: float64}
# - {name: OH_Pet04_O3N2, datatype: float64}
# - {name: e_OH_Pet04_O3N2, datatype: float64}
# - {name: OH_Kew02_N2O2, datatype: float64}
# - {name: e_OH_Kew02_N2O2, datatype: float64}
# - {name: OH_Pil10_ONS, datatype: float64}
# - {name: e_OH_Pil10_ONS, datatype: float64}
# - {name: OH_Pil10_ON, datatype: float64}
# - {name: e_OH_Pil10_ON, datatype: float64}
# - {name: OH_Pil11_NS, datatype: float64}
# - {name: e_OH_Pil11_NS, datatype: float64}
# - {name: OH_Cur20_RS32, datatype: float64}
# - {name: e_OH_Cur20_RS32, datatype: float64}
# - {name: OH_Cur20_R3, datatype: float64}
# - {name: e_OH_Cur20_R3, datatype: float64}
# - {name: OH_Cur20_O3O2, datatype: float64}
# - {name: e_OH_Cur20_O3O2, datatype: float64}
# - {name: OH_Cur20_S2, datatype: float64}
# - {name: e_OH_Cur20_S2, datatype: float64}
# - {name: OH_Cur20_R2, datatype: float64}
# - {name: e_OH_Cur20_R2, datatype: float64}
# - {name: OH_Cur20_N2, datatype: float64}
# - {name: e_OH_Cur20_N2, datatype: float64}
# - {name: OH_Cur20_R23, datatype: float64}
# - {name: e_OH_Cur20_R23, datatype: float64}
# - {name: OH_Cur20_O3N2, datatype: float64}
# - {name: e_OH_Cur20_O3N2, datatype: float64}
# - {name: OH_Cur20_O3S2, datatype: float64}
# - {name: e_OH_Cur20_O3S2, datatype: float64}
# - {name: OH_KK04, datatype: float64}
# - {name: e_OH_KK04, datatype: float64}
# - {name: OH_Pil16_R, datatype: float64}
# - {name: e_OH_Pil16_R, datatype: float64}
# - {name: OH_Pil16_S, datatype: float64}
# - {name: e_OH_Pil16_S, datatype: float64}
# - {name: OH_Ho, datatype: float64}
# - {name: e_OH_Ho, datatype: float64}
# - {name: U_Dors_O32, datatype: float64}
# - {name: e_U_Dors_O32, datatype: float64}
# - {name: U_Dors_S, datatype: float64}
# - {name: e_U_Dors_S, datatype: float64}
# - {name: U_Mor16_O23_fs, datatype: float64}
# - {name: e_U_Mor16_O23_fs, datatype: float64}
# - {name: U_Mor16_O23_ts, datatype: float64}
# - {name: e_U_Mor16_O23_ts, datatype: float64}
# - {name: NH_Pil16_R, datatype: float64}
# - {name: e_NH_Pil16_R, datatype: float64}
# - {name: NO_Pil16_R, datatype: float64}
# - {name: e_NO_Pil16_R, datatype: float64}
# - {name: NO_Pil16_Ho_R, datatype: float64}
# - {name: e_NO_Pil16_Ho_R, datatype: float64}
# - {name: NO_Pil16_N2_R2, datatype: float64}
# - {name: e_NO_Pil16_N2_R2, datatype: float64}
# - {name: Ne_Oster_S, datatype: float64}
# - {name: e_Ne_Oster_S, datatype: float64}
# delimiter: ','
# schema: astropy-2.0
KGAS_ID,cubename,OH_Mar13_N2,e_OH_Mar13_N2,OH_Mar13_O3N2,e_OH_Mar13_O3N2,OH_T04,e_OH_T04,OH_Pet04_N2_lin,e_OH_Pet04_N2_lin,OH_Pet04_N2_poly,e_OH_Pet04_N2_poly,OH_Pet04_O3N2,e_OH_Pet04_O3N2,OH_Kew02_N2O2,e_OH_Kew02_N2O2,OH_Pil10_ONS,e_OH_Pil10_ONS,OH_Pil10_ON,e_OH_Pil10_ON,OH_Pil11_NS,e_OH_Pil11_NS,OH_Cur20_RS32,e_OH_Cur20_RS32,OH_Cur20_R3,e_OH_Cur20_R3,OH_Cur20_O3O2,e_OH_Cur20_O3O2,OH_Cur20_S2,e_OH_Cur20_S2,OH_Cur20_R2,e_OH_Cur20_R2,OH_Cur20_N2,e_OH_Cur20_N2,OH_Cur20_R23,e_OH_Cur20_R23,OH_Cur20_O3N2,e_OH_Cur20_O3N2,OH_Cur20_O3S2,e_OH_Cur20_O3S2,OH_KK04,e_OH_KK04,OH_Pil16_R,e_OH_Pil16_R,OH_Pil16_S,e_OH_Pil16_S,OH_Ho,e_OH_Ho,U_Dors_O32,e_U_Dors_O32,U_Dors_S,e_U_Dors_S,U_Mor16_O23_fs,e_U_Mor16_O23_fs,U_Mor16_O23_ts,e_U_Mor16_O23_ts,NH_Pil16_R,e_NH_Pil16_R,NO_Pil16_R,e_NO_Pil16_R,NO_Pil16_Ho_R,e_NO_Pil16_Ho_R,NO_Pil16_N2_R2,e_NO_Pil16_N2_R2,Ne_Oster_S,e_Ne_Oster_S
[from data line 120]
119,KG-MaNGA-1-1278,8.620634148359427,0.013231588737156156,8.51324065441025,0.017872340993317515,8.863373949365487,0.09042278008038696,8.71330635558997,0.005858720848440924,8.828952909878561,0.012965414808939651,8.700480561766764,0.02672499587785789,9.040925694886946,0.04981119148319093,8.486328851790246,0.032583978011878414,8.46741873932394,0.03196689031681032,8.461236998872948,0.029777462198084362,8.670893995664622,0.022543962958990773,8.65555964374769,0.02393892328352119,8.635341910323968,0.03754585863499733,8.788395964462357,0.0232038691800815,8.754760979271175,0.032640143150223476,8.791047107225689,0.013315696578972804,8.67686068126669,0.05460054874682453,8.728613477980266,0.016870351519080635,8.680032090470709,0.039876800190113006,8.799705691986528,0.6038905404680384,9.025186926692081,0.04431390829904574,8.65943889374868,0.04607961515190171,8.813355232133661,0.04247036873841763,2.766503571161287,0.13201109579532708,3.2155927482974898,0.06628442826386659,3.680531087311924,0.25536572629259996,3.2869324118482255,0.10820581622567797,8.007899007375979,0.10855851323716167,0.6898072586254408,0.08951881165533243,0.821975148803276,0.07932808224775287,0.7793087766691191,0.07776444790789984,2.1481970781601007,0.3994952264367016
120,KG-MaNGA-1-78452,8.5209131534763,0.008754507346381144,8.596178290931972,0.027727235391029895,9.158572773814413,0.02677459900326025,8.626007268149847,0.010801015557223464,8.650319026470624,0.019672768497034303,8.824482767002273,0.041461286566026004,9.113632704627666,0.02791977553146917,8.67487488966713,0.04246192219344204,8.67227594255752,0.028829520778498652,8.645363199599819,0.039446130970356486,8.807176152909319,0.015528017494073117,8.80485607662304,0.02084910750616278,8.708193391855595,0.04201644343288696,8.82282121266469,0.009083261475712956,8.831077253297096,0.0101423207106142,8.696099226691926,0.012812821584331634,8.817973578588537,0.01524232868043994,8.800967521462734,0.020859406572014346,8.828927552128517,0.012855909337883437,9.050530107070822,0.014553495511049952,8.607772485385995,0.031908916732704,8.535277318315622,0.047753983700489944,8.665520250742269,0.026221426194128254,3.0377310505234956,0.1877094494766102,3.0984035108251122,0.03755425460389491,4.201698170423681,0.3631100825940984,3.5160139921666262,0.15386020448902477,7.979577631975678,0.0775606983586777,0.6326739068208755,0.06678057570570035,0.6901215371628611,0.05508273995328674,0.5950997744539829,0.0561229919408468,2.131550595514122,0.3566947774967762
121,KG-MaNGA-1-78627,8.49812100267783,0.024863544104223274,8.516457896244269,0.04288373916950551,8.907820638203678,0.1338776225082096,8.598175085231022,0.03067580116754822,8.60592789751589,0.04980025166910814,8.704393457471568,0.06339929342348617,8.900700368277803,0.09445117637807314,8.551145642324284,0.10349335337967165,8.525868945984946,0.07977349518538995,8.552250488494211,0.09149767125692139,8.733377066911173,0.037401363825531685,8.72564641430505,0.04144992490818648,8.730505705235599,0.05654633831007007,8.781947415560223,0.03192580205860898,8.72835985886449,0.049386470289704165,8.667715022200785,0.03333939517740379,8.69257133398379,0.09033633343540773,8.725464239412027,0.03528116907562069,8.80664004261995,0.01874258874371486,8.96132047353467,0.07673309007465552,8.449783040355637,0.08784245916290402,8.451021858962571,0.07522642498477822,8.529806357318087,0.06997486323820765,3.1452156447937907,0.24679479122020392,3.210137264725805,0.11408421540138146,4.408565923294401,0.4774063174423617,3.6003482892581977,0.20229081247557698,7.524661262371655,0.19768229609123933,0.9372371309741766,0.1426687307070312,1.0178723132174754,0.141175472795442,0.9412502997223413,0.12940087829178049,2.0594550764991615,0.3601055090523537
122,KG-MaNGA-1-37126,8.577893498711687,0.007638922225447688,8.474771260455215,0.013122795219106956,8.732573003962514,0.08107761201851814,8.695092307842522,0.00837918750969616,8.788981608568784,0.01820697241081156,8.64293827275593,0.019622871355673987,8.913547520795905,0.03936584968873208,8.437594599962267,0.025893949123423275,8.422377035674836,0.024799728492839332,8.39536072127747,0.02512153141160337,8.617273293534826,0.016181737675369207,8.631805839604107,0.01841120978210434,8.68104091535095,0.02260408118224784,nan,nan,nan,0.03011223280786455,8.796561122905354,0.016364008263089293,8.564636533742311,0.064066046463356,8.6917534464772,0.012864339712679857,8.743179443261628,0.02910361693395668,8.875333826768363,0.06833555185544153,8.608593535056121,0.042655281258460825,8.551848689297785,0.04285843254822282,8.646015544656095,0.025933257866150056,2.9107970724594976,0.08061129114589755,3.612928570103663,0.04687716110534591,3.95351882976155,0.15593659598714604,3.4064591368298687,0.06607482880811275,7.689306960841496,0.07821372418955476,0.9222573289683083,0.07243568426272884,0.9586770686906142,0.05522158503897897,0.9631010185890523,0.054923345389427884,2.0674686779059117,0.1586251923946955
123,KG-MaNGA-1-37385,nan,nan,nan,0.009718959485724604,8.257459363986435,0.13433442765361203,nan,nan,nan,nan,nan,0.01453302353005552,8.982638251525398,0.034508257237946274,8.30441616557365,0.024388443768916086,8.246785613855193,0.02593504805945368,8.164589313729147,0.022185376775771898,8.373144212779444,0.026031604572430082,8.433605018651225,0.024193569822956302,8.587618280346701,0.02115537058781529,nan,nan,nan,0.03083494622312485,nan,nan,nan,0.0618021398298649,8.671326763686512,0.00970311820484265,8.59293745087384,0.032842377103165434,8.379074191891892,0.15375164900426683,9.02859071002764,0.02181455483725647,8.94422015273551,0.016693082194150305,8.992568718669165,0.02179022468078772,2.601485205324137,0.06972712756048612,4.1131061861622,0.032133577754305996,3.360756045479117,0.13488198446126817,3.1514325806990326,0.05715338324630008,8.206808265587032,0.059430530817175475,0.840688595574872,0.061470908309567154,0.798389607263728,0.057648081541920526,0.9304647286445861,0.05065688124296744,3.105092847087805,0.1373291293127632
124,KG-MaNGA-1-36645,8.518522458793909,0.030950195889036032,8.537782722555782,0.056497912927815405,8.890321399219683,0.14990739898881317,8.623122590835,0.03770139205300288,8.647831228786416,0.06702702890455847,8.732322358740195,0.08338819745254929,8.919818021462143,0.10135409411662714,8.541616859905625,0.0847358615075118,8.52162209916623,0.06324176988978635,8.519235224315603,0.06817265912573359,8.728326675883114,0.04278913361006096,8.730153496945197,0.04592335685708104,8.723578338176658,0.05868195751091727,8.750542348981265,0.03561857605020587,8.739786950358228,0.05253712324436685,8.695538574309523,0.04476335073815844,8.693034783675834,0.08932409128532817,8.736256914635566,0.03965214233899229,8.794272283068203,0.02673629331108927,8.954603908071784,0.08737967286042139,8.504466985874133,0.09228290509001418,8.467637036609643,0.09001895423425371,8.554131372553307,0.07844741151527411,3.251724505451377,0.3853581513830957,3.352104093850956,0.13938507467682032,4.61765469022274,0.7454469157902508,3.701695810691136,0.3158673371992588,7.608015832549867,0.20304731877210036,0.9075026277014129,0.15877175054900594,0.961216967491801,0.14464935428114556,0.9183344850112678,0.13565101509740027,2.1341601126304472,0.2856048009422425
125,KG-MaNGA-1-109234,8.623626153420254,0.01363116646491671,8.52425365895247,0.04857139571209757,8.893068191146932,0.3280795339029875,8.716388329981237,0.010634744492676377,8.814645654185517,0.023274820975783338,8.714980728178793,0.06882576810029277,9.13792864427679,0.134517747865654,8.555979069495207,0.10818725420171058,8.52883188217376,0.11470730055592714,8.483073466318267,0.09836544954028928,8.65556918924614,0.06527108083670634,8.638035286955388,0.06177256853430942,8.503279455649254,0.14287592288612258,8.775549414257362,0.0389406400847422,8.764136866093642,0.0395955171797837,8.786135784843779,0.016381134893691737,8.709478734638681,0.07966463363187373,8.7345876392053,0.04193867522098752,8.728586289692144,0.07163504131136088,8.97262374444492,0.31294604045689983,8.721274554087405,0.07748485034691492,8.700811591699917,0.08280405741136831,8.932245670479809,0.11371731310869126,2.4221765755430527,0.4208275446693493,3.1383499913995094,0.42634870897003974,3.0313812378932328,0.8140598405079215,3.011725336799802,0.34494061038471246,8.262046441473727,0.27527689023831453,0.48463760501968745,0.3006353715722167,0.706216638577552,0.24208582861680897,0.6664937438353863,0.1932209740685166,3.461107834537971,0.24072064960386752
126,KG-MaNGA-1-36867,8.478831325263966,0.009788904186410112,8.535054395729246,0.013953752033687797,8.976661958227153,0.02508035433874885,8.574085011325064,0.012077219450765791,8.56192340241985,0.019128386248905387,8.733076625084118,0.020865423601776185,8.917389894598951,0.020398132287288415,8.566024406576544,0.022783577818988984,8.557503792309006,0.014697483205780223,8.554556315413997,0.020905522403658408,8.752139607734202,0.010044121485117428,8.768941178037515,0.015193409621390378,8.77285676899199,0.021741981316051495,8.733207632007574,0.011824566935876224,8.731742690444133,0.02035066824582788,8.639448860870486,0.012261448461696769,8.749164523975953,0.019785407290767824,8.749197652847753,0.012951064251250814,8.810622011795495,0.01439707329970263,9.011311705510881,0.005811531406023715,8.472133637366433,0.046487602953038,8.41716929017722,0.051178070214561666,8.486982480995952,0.022634627708292044,3.2507813467057285,0.08401110303432784,3.347283746508309,0.019493817179545375,4.610836673866514,0.16251328127951942,3.685316737690721,0.06886155986420314,7.514865582118868,0.05063173934214917,0.9576827783029027,0.04929704106939735,0.9724744432113818,0.03406589095853459,0.9215964270245306,0.029013564309681827,1.451243892437631,0.38784406594017035
127,KG-MaNGA-1-37796,8.483817342785981,0.0325787708543467,8.384009380064827,0.027829071255184856,8.662700510800597,0.22933890289382136,8.58417574714507,0.0401945874177004,8.585544180763833,0.06025671729923589,8.507279607651846,0.04161356449373445,8.808684066174713,0.16053223782647158,8.406684359147219,0.1031277199784556,8.39041518043055,0.11047965711389776,8.355923422690068,0.09505856251954717,8.555568939678283,0.0354843556984206,8.553363899673908,0.03688947413811574,8.572919497869478,0.0612563252985428,8.739294869467106,0.03464965362688886,8.722191065974483,0.048374025068643495,8.653044248037002,0.043625163909511676,8.57419791351855,0.10799398241071682,8.59742927460491,0.03012764300938724,8.735059384778737,0.06181363910289742,8.823893030441155,0.21208059935416798,8.435867239164827,0.13187419502660644,8.398677830556876,0.11478568261446571,8.509055360902936,0.09705744321098511,2.58768484878556,0.20469696772105972,3.4247499942282746,0.08476950532038943,3.3427784959934725,0.3959711834604106,3.1458121912881474,0.16778439977136045,7.431671235146399,0.22589179619819486,1.0266150487804115,0.19692468364064497,1.1208087672722513,0.1705177567632875,1.0533421285101954,0.15203607599620797,2.1476824395596448,0.4292660308857017
128,KG-MaNGA-1-547747,8.623850899015574,0.013915422887081414,8.452258605166781,0.04492125978598823,7.109713638510766,3.1408958414090513,10.674899341517389,0.009832532631846854,8.821290422973513,0.022283772309209547,8.603280975524996,0.07599398989162083,8.767592136207892,0.17992221080474521,8.3026129016307,0.09448575688278839,8.172936343775508,0.1323501169562401,8.255403061406929,0.06058370817035433,8.481455978240385,0.10296412953789409,8.564706776129281,0.08404745224160066,8.733491697507104,0.05190669690362514,nan,nan,nan,0.044955045292804405,8.810686535696103,0.008754125790830345,8.437964242513205,0.10332685868980687,8.659032678759887,0.05743504556854034,8.711206082299148,0.06359406444774067,1612.5338774644636,1074.1687735186727,4711.758996385845,0.2466158386597343,8.560112940368052,0.07209319991783662,8.943060728416038,0.2722516762243539,3.3858606659937824,0.40922800474661936,4.0745773271209424,0.10475773341239075,4.850368184895838,0.7916213862311652,3.8230686242400274,0.3354327907759174,7.129001432416624,0.5179020856231281,1.5530697883199982,0.30370882102143487,2.171518406572247,0.7171515684852046,1.57068303292098,0.1436339109776004,2.967139921029078,0.3404677653713177
129,KG-MaNGA-1-36975,8.437231195792629,0.0929691158438656,8.495802789650975,0.11644756573772133,8.881405928489242,0.3083662015027838,8.46356923650433,0.11043159356426271,8.454597095597174,0.1204872404534645,8.661802309116872,0.17144146991270773,8.986416473418451,0.2355890725198905,7.961450748900115,0.11926627599414608,8.035502487193172,0.1477774342879217,7.888904875994002,0.16344446634307527,8.529677598347801,0.14158589182616055,8.579050054087576,0.09888536586792337,8.502745712005423,0.15588746109799045,8.814582071153604,0.0,8.731883629948422,0.03249219459549618,8.520014226390538,0.10392892065859907,8.615643562395272,0.06578440956995003,8.61832317505539,0.11246684513350722,8.717615709956053,0.010356942724931173,8.573313333346514,0.5478219311346085,8.823580309442175,0.18435647096385802,8.455021665814247,0.14401448075002002,8.366124529452943,0.1611912090729483,2.5382295572522744,0.7615945025401671,4.522733979058382,0.7421894638264841,3.263253029397825,1.473248381962946,3.161420676460872,0.6242577889673502,7.523466886359942,0.5126663861130009,1.4878368125466042,0.43615925891592866,1.7672938988362856,0.1074044817824249,0.9568663297359944,0.14780773731104882,3.225285965233148,0.486566573942287
130,KG-MaNGA-1-36942,8.423907215013225,0.0657611193661565,8.486229649905118,0.09869485350792101,8.639529374790632,0.588090001670155,8.451297181669878,0.13473409585837395,8.424947927325901,0.13241671739327338,8.643961859317436,0.15496719965794795,8.972133559795324,0.23205200185354313,8.260321611695034,0.09226627278522317,8.267380369228203,0.0699733383918915,8.078533765263789,0.045534933941072976,8.552530633971045,0.12165261244202293,8.606332941565073,0.09774413505671957,8.536604281838146,0.14307444332332403,8.78876701719436,0.0,8.662549855674259,0.08612291008558075,8.47953615600032,0.12732878297393505,8.626206697350597,0.07705400901625097,8.662142971534815,0.09500334300412995,8.523807941075935,0.03140782047072521,8.958053894721594,0.8656790044442376,8.722968510339074,0.36732201240241785,8.477600912250445,0.1469450510210163,9.145262084143575,0.20892843842903175,2.796381659007767,0.6562349524898564,4.525028522081177,0.6906701268669615,3.7911088638150976,1.2694381048164434,3.373068197764715,0.5378975020408658,7.440450717495255,0.21479645761563013,1.6046422506820361,0.23769173942245508,1.1836831045725105,0.048366451912483344,0.9628532982891705,0.20359494577659154,3.385584080880296,0.23106396373951618
