tables/tab_OH_cen.ecsv~
# %ECSV 1.0
# ---
# datatype:
# - {name: KGAS_ID, datatype: string}
# - {name: cubename, datatype: string}
# - {name: OH_Mar13_N2, datatype: float64}
# - {name: e_OH_Mar13_N2, datatype: float64}
# - {name: OH_Mar13_O3N2, datatype: float64}
# - {name: e_OH_Mar13_O3N2, datatype: float64}
# - {name: OH_T04, datatype: float64}
# - {name: e_OH_T04, datatype: float64}
# - {name: OH_Pet04_N2_lin, datatype: float64}
# - {name: e_OH_Pet04_N2_lin, datatype: float64}
# - {name: OH_Pet04_N2_poly, datatype: float64}
# - {name: e_OH_Pet04_N2_poly, datatype: float64}
# - {name: OH_Pet04_O3N2, datatype: float64}
# - {name: e_OH_Pet04_O3N2, datatype: float64}
# - {name: OH_Kew02_N2O2, datatype: float64}
# - {name: e_OH_Kew02_N2O2, datatype: float64}
# - {name: OH_Pil10_ONS, datatype: float64}
# - {name: e_OH_Pil10_ONS, datatype: float64}
# - {name: OH_Pil10_ON, datatype: float64}
# - {name: e_OH_Pil10_ON, datatype: float64}
# - {name: OH_Pil11_NS, datatype: float64}
# - {name: e_OH_Pil11_NS, datatype: float64}
# - {name: OH_Cur20_RS32, datatype: float64}
# - {name: e_OH_Cur20_RS32, datatype: float64}
# - {name: OH_Cur20_R3, datatype: float64}
# - {name: e_OH_Cur20_R3, datatype: float64}
# - {name: OH_Cur20_O3O2, datatype: float64}
# - {name: e_OH_Cur20_O3O2, datatype: float64}
# - {name: OH_Cur20_S2, datatype: float64}
# - {name: e_OH_Cur20_S2, datatype: float64}
# - {name: OH_Cur20_R2, datatype: float64}
# - {name: e_OH_Cur20_R2, datatype: float64}
# - {name: OH_Cur20_N2, datatype: float64}
# - {name: e_OH_Cur20_N2, datatype: float64}
# - {name: OH_Cur20_R23, datatype: float64}
# - {name: e_OH_Cur20_R23, datatype: float64}
# - {name: OH_Cur20_O3N2, datatype: float64}
# - {name: e_OH_Cur20_O3N2, datatype: float64}
# - {name: OH_Cur20_O3S2, datatype: float64}
# - {name: e_OH_Cur20_O3S2, datatype: float64}
# - {name: OH_KK04, datatype: float64}
# - {name: e_OH_KK04, datatype: float64}
# - {name: OH_Pil16_R, datatype: float64}
# - {name: e_OH_Pil16_R, datatype: float64}
# - {name: OH_Pil16_S, datatype: float64}
# - {name: e_OH_Pil16_S, datatype: float64}
# - {name: OH_Ho, datatype: float64}
# - {name: e_OH_Ho, datatype: float64}
# - {name: U_Dors_O32, datatype: float64}
# - {name: e_U_Dors_O32, datatype: float64}
# - {name: U_Dors_S, datatype: float64}
# - {name: e_U_Dors_S, datatype: float64}
# - {name: U_Mor16_O23_fs, datatype: float64}
# - {name: e_U_Mor16_O23_fs, datatype: float64}
# - {name: U_Mor16_O23_ts, datatype: float64}
# - {name: e_U_Mor16_O23_ts, datatype: float64}
# - {name: NH_Pil16_R, datatype: float64}
# - {name: e_NH_Pil16_R, datatype: float64}
# - {name: NO_Pil16_R, datatype: float64}
# - {name: e_NO_Pil16_R, datatype: float64}
# - {name: NO_Pil16_Ho_R, datatype: float64}
# - {name: e_NO_Pil16_Ho_R, datatype: float64}
# - {name: NO_Pil16_N2_R2, datatype: float64}
# - {name: e_NO_Pil16_N2_R2, datatype: float64}
# - {name: Ne_Oster_S, datatype: float64}
# - {name: e_Ne_Oster_S, datatype: float64}
# delimiter: ','
# schema: astropy-2.0
KGAS_ID,cubename,OH_Mar13_N2,e_OH_Mar13_N2,OH_Mar13_O3N2,e_OH_Mar13_O3N2,OH_T04,e_OH_T04,OH_Pet04_N2_lin,e_OH_Pet04_N2_lin,OH_Pet04_N2_poly,e_OH_Pet04_N2_poly,OH_Pet04_O3N2,e_OH_Pet04_O3N2,OH_Kew02_N2O2,e_OH_Kew02_N2O2,OH_Pil10_ONS,e_OH_Pil10_ONS,OH_Pil10_ON,e_OH_Pil10_ON,OH_Pil11_NS,e_OH_Pil11_NS,OH_Cur20_RS32,e_OH_Cur20_RS32,OH_Cur20_R3,e_OH_Cur20_R3,OH_Cur20_O3O2,e_OH_Cur20_O3O2,OH_Cur20_S2,e_OH_Cur20_S2,OH_Cur20_R2,e_OH_Cur20_R2,OH_Cur20_N2,e_OH_Cur20_N2,OH_Cur20_R23,e_OH_Cur20_R23,OH_Cur20_O3N2,e_OH_Cur20_O3N2,OH_Cur20_O3S2,e_OH_Cur20_O3S2,OH_KK04,e_OH_KK04,OH_Pil16_R,e_OH_Pil16_R,OH_Pil16_S,e_OH_Pil16_S,OH_Ho,e_OH_Ho,U_Dors_O32,e_U_Dors_O32,U_Dors_S,e_U_Dors_S,U_Mor16_O23_fs,e_U_Mor16_O23_fs,U_Mor16_O23_ts,e_U_Mor16_O23_ts,NH_Pil16_R,e_NH_Pil16_R,NO_Pil16_R,e_NO_Pil16_R,NO_Pil16_Ho_R,e_NO_Pil16_Ho_R,NO_Pil16_N2_R2,e_NO_Pil16_N2_R2,Ne_Oster_S,e_Ne_Oster_S
[from data line 356]
352,KG-MaNGA-1-412058,8.615684164597543,0.0028552540864497703,8.601225454612855,0.008468653644240844,9.075884982782789,0.012047236399288886,8.725385537216209,0.0016129307553172634,8.857203881714458,0.0037849828614878065,8.83202077378896,0.012663407318490963,9.119782142842702,0.006926517616501997,8.576353343909155,0.016883915267764192,8.563016768647476,0.011108701669496427,8.560363690755596,0.02067168532543281,8.779131389868281,0.006947154537633577,8.772287292399255,0.009545107769986787,8.715994941530358,0.013836446929952954,8.814695888729933,0.003840797049341053,8.812221137383261,0.0061554295661509955,nan,nan,nan,0.009228069531140764,8.809092927618059,0.007457252750863586,8.574567014689764,0.012376112361322082,9.034075607000709,0.0026372728650379345,8.686464975641302,0.023688316558962492,8.680843446296363,0.031201315342898522,8.797808072946129,0.007880694287307654,3.0358184575817413,0.050907812755210925,3.130430554926572,0.014721264369996928,4.194863825850818,0.09847740828057194,3.5089615079346164,0.04172771537312371,8.097612991812756,0.024102696298771403,0.5890859637969355,0.030870972821122944,0.7003768074117315,0.019393417097341454,0.6242586340451909,0.013607346668886213,2.497440704833641,0.12930714601517804
353,KG-MaNGA-1-297905,8.51985870299313,0.03871941210062312,8.58251682056002,0.08550461395742141,8.585352199856102,0.8949130864870227,8.598721698051204,0.040706819363085005,8.434470544376957,0.06984603637098222,8.768097069125034,0.12509354903184852,9.15104883931817,0.1710807832462507,8.491712101204204,0.060426800196711504,8.492664291904655,0.09183566846773188,8.419153748579664,0.04525247827230505,8.593716455723703,0.10302646507025195,8.629977205377063,0.12358235847616672,8.583665675867856,0.15245256678397878,8.729364373750093,0.05364549283686336,8.762561494127587,0.028679567551079307,8.488762563451113,0.025607085130121426,8.621128306448634,0.09900217930993654,8.727156770350168,0.05267179476550319,8.665304690991842,0.020663014051396922,9.333328857956246,0.3170516543026938,8.69236814298143,0.10327358228059567,8.612860216799739,0.15652284764786006,9.232277216197984,0.148666239579201,2.8730792683810864,0.7297653452850638,3.820048201071648,0.7257593464823112,3.911347223185656,1.411677225305533,3.445488487935019,0.5981683158074291,8.058270124024418,0.34927901910717885,1.5664118546628725,0.2637874337566995,1.264559907290123,0.1937280224352853,0.8682388289216071,0.10081025767925882,3.057179962242028,0.3623020209720784
354,KG-MaNGA-1-297902,8.470011671151537,0.05568289947946811,8.53348155239485,0.1135966672965674,8.598044579691386,1.4698723737920796,9.052304144584976,0.06604037204581907,8.474156972684604,0.08072151739819004,8.72868040346026,0.16980788940352717,9.064618071204235,0.211929935959528,8.457838034581146,0.16622632588894676,8.323208578856454,0.14261890219605658,8.11751621528103,0.1439031555002279,8.474166023351769,0.1107952172430842,8.586592661993548,0.11599569364768281,8.50088338317913,0.12008932670627669,8.804120791787792,0.0,8.758654361504233,0.03534089724134617,8.544312032994736,0.06254806963388358,8.702717060671342,0.05109525170511108,8.690219979144356,0.09780847195675466,8.746292628749119,0.04180350240402825,12.810775464769245,2.304475345053811,11.303836502936969,0.18893219136447564,8.194045260230748,0.1614645715105769,9.35735651724703,0.24676917013355054,2.6308982866512025,0.7056334689177115,4.819981145672134,0.764571823359953,3.5570109239516428,1.3649958906932778,3.25334535073298,0.5783880892768127,8.151902855943225,0.1976908369382431,0.9979114031165427,0.17397289472880292,1.4384866341018177,0.36664217036311214,1.1422649151465738,0.15624201375351104,3.2297848076515447,0.35561199049965453
355,KG-MaNGA-1-297909,8.447770454471307,0.07608038914345357,8.502657611362451,0.07897361862516221,8.562817023895366,0.7055585169985585,8.491516364333856,0.11366199292251165,8.486111609269336,0.13663213792462975,8.663351688136105,0.13837439419113995,9.020061237822487,0.24054816638949075,8.087493684245603,0.2090443962680028,8.159313977223949,0.31295985439043295,8.07481304270142,0.18761284586161928,8.555065244935639,0.13772668399151308,8.535902312073857,0.1455811327848069,8.501645136616565,0.16621924731945667,8.74219976602471,0.038744374978472385,8.743677202002303,0.04437885530999722,8.534140603084373,0.10298925201622275,8.63390294638381,0.10458101019166041,8.659134779471776,0.07071745083199037,8.678003100199112,0.061483797608634226,8.150208771424804,0.5896512225942311,8.533276152201529,0.20466483556886214,8.29465038940051,0.3294630650960887,9.132714565962111,0.13579610181436055,2.454269516756004,0.7172457364859328,3.68562720105124,0.5820423200441424,3.095838307289311,1.3874589656613128,3.0705317907528342,0.5879063413819121,7.8610049775077915,0.6186929576067437,0.8320862452213692,0.24065315214627167,1.500133910363847,0.260802921723721,1.0170583785786633,0.2316852991235803,3.1894683481130466,0.31613283009807946
356,KG-MaNGA-1-412272,8.604792486197546,0.030879859843617262,8.470360701272254,0.07168311517343509,6.536490101931581,5.72165087253082,11.357240903078322,0.044376770687645485,8.744320434595425,0.08658902485054353,8.634158612377325,0.1101428462767862,8.82541655814356,0.2200226146029279,8.332498335419197,0.16229212805230087,8.17029077670515,0.22886144611293008,8.236644815568887,0.12641330274769758,8.401262155685984,0.11602524076357147,8.470824137223342,0.14672762060990868,8.690397373035575,0.059576081382812486,8.702212074280505,0.0,8.670475833151212,0.021249267322577613,8.715815050021689,0.04594432892678951,8.438701599445954,0.07446970563330055,8.665999287041702,0.09251524773285057,8.683955150581472,0.09733123280357531,56.18893036706177,35.23610664296934,137.1765599668874,0.38175945809138495,8.764273968635221,0.17268132167414635,9.09133358691379,0.4849548100929619,3.2628943575569256,0.546282102841048,4.327291351085863,0.2832953423515828,4.620470838533449,1.0567424284466174,3.727531133782948,0.44777221544348206,7.461929578145607,0.8158457985810014,1.444841099247262,0.5365239528268829,1.7831560551684382,1.230849179611295,1.5475549530216268,0.21717497406266767,3.0386148289944037,0.4999148486112097
357,KG-MaNGA-1-297987,8.509091850577981,0.061859343389752075,8.503876036373999,0.09254037936021142,8.691507232933175,1.3558606172675949,9.326755184576738,0.08674678926181749,8.583266945591967,0.11450381314511632,8.666027943217895,0.14811260917500677,8.948398582662868,0.22375369139388424,7.757968478213169,0.12329961709993423,7.841444204000042,0.15509979168611598,7.646842757330964,0.24000415859092036,8.559110952104017,0.1046201217706662,8.578931553753216,0.09620051063100836,8.438335909507865,0.18549881148619532,8.52034026744152,0.14027247288179123,8.712488875423341,0.05809599047003084,8.630988503788934,0.08302195602845926,8.61490568361706,0.08209957811952838,8.653061210684141,0.10176426907051546,8.713109586363398,0.010838466024118235,8.830771061637277,0.1649885781240046,8.513045093153849,0.36289035092947175,8.419448851579475,0.25695141069415856,8.44677795331605,0.15826439485578567,2.3502528686900974,0.6632308941966096,4.5712400541284754,0.688182057772202,2.9215763976304796,1.2829712379540976,2.9945968036678225,0.5436318804890244,7.085873842613188,0.32393752318986985,2.038419719975807,0.16467017106558898,1.4283681664616248,0.07781557646151141,0.9040502745323298,0.1800352224971301,2.8875245794955733,0.32066590354647356
358,KG-MaNGA-1-382678,8.5296164393932,0.0075431355751074385,8.573070759147116,0.0207448183364402,9.027427083250688,0.02936358915895638,8.636750950881204,0.009306465969288429,8.670430533690716,0.01753994357570608,8.78992803428538,0.03102028910121889,9.003151220475205,0.0209929281831218,8.593159011943,0.04412582221979496,8.571375480092223,0.022998860497244575,8.589566626619963,0.03708006908101328,8.780535280945177,0.015031003632351164,8.78245703029561,0.019386780563104066,8.765746448155626,0.02701647167573267,8.796686114456474,0.010080543499081095,8.769071227140786,0.019362709886582084,8.709543783728646,0.011835025503362403,8.78985909553625,0.02384174251893537,8.781875689892585,0.015780732431096286,8.780606151033412,0.019978362246491382,9.019679998925325,0.006238221634023527,8.551776908071957,0.041668663242110125,8.532058957236208,0.04570346400506954,8.610515885115166,0.019772147032484616,3.2396196854815997,0.12400761212344295,3.188584632883081,0.031297613194732295,4.589466914351235,0.2398835775502667,3.677285626533231,0.10164558370774014,7.728554687675855,0.05958563506628082,0.8241723930790953,0.0511962753813561,0.8831377178355249,0.04635811787323469,0.8040290404971429,0.03474243524861309,2.1935596292402035,0.3240421597638911
359,KG-MaNGA-1-382352,8.60368182442397,0.020316702390076814,8.418396267645356,0.043397073710222764,6.576842257609997,1.745537718640586,8.784451721543855,0.032815510051088646,8.733674963938437,0.06585537234517741,8.553430559989982,0.07213497834960282,8.98513479918439,0.14821211251964936,8.228958198045534,0.117802331835264,8.149342661713543,0.1457515260557494,8.29081824288495,0.10994386042706024,8.488588468646586,0.10025684752070027,8.3718844383536,0.08407426453327894,8.51802998837915,0.1123834070408501,8.671715400933472,0.08660382734018435,8.727857420980547,0.034906043931524446,8.7327220965214,0.03257346375701149,8.557510647515045,0.08221146181157371,8.596257338769847,0.05613808577344638,8.595135282183021,0.12556552787588982,9.431506764150765,2.158449305680938,9.038282215384108,0.21069036513236916,8.747939291100428,0.14988269277618357,9.521505936312668,0.3270578801474907,2.461941542276915,0.3731126931691586,3.847176912419266,0.6195802640361292,3.086924333122092,0.7217589802288642,3.0481318696187754,0.30583007636816284,7.6734547208963715,0.44072004568895484,1.2491778940046454,0.30685765214837196,2.0737776581526255,0.6254742548690895,1.3003199679761623,0.200688168776267,2.777290678797766,0.35862499493873545
360,KG-MaNGA-1-368846,8.49238415371681,0.01121581108818743,8.488513646644362,0.012493181048135394,8.865146043879008,0.05889284196838925,8.590825435916738,0.013837689004906511,8.589125221520655,0.02300123952735374,8.663481946251322,0.018681392221510853,8.868950987748631,0.03870076088707489,8.51055398658668,0.03196598696420231,8.502119662714128,0.024636542855269505,8.484199707329955,0.02852239475036756,8.688461710150971,0.011410071784034775,8.705646045511715,0.01463718759462087,8.731556547883773,0.023628718174603176,8.69807072475075,0.0,8.672481018867114,0.03787928143815237,8.656828132465424,0.014658218463022682,8.665084630694983,0.043857664579638654,8.705142054250262,0.012071248967711572,8.83708347667415,0.004943741456670261,8.97164321799817,0.02825615913123446,8.456010713055193,0.056669216068865956,8.389660937430493,0.05946873464199598,8.488713024972578,0.030081420419125253,3.095220932387343,0.08808813037627243,3.512958105347059,0.033176493759511184,4.3103278759040355,0.17039998990819913,3.557673707600813,0.07220338555432167,7.465082855012595,0.08054644852763551,0.9939812729677503,0.06936364096104015,1.025990140764314,0.05689211974299223,0.9946784583426411,0.05157990688318788,1.884068880490745,0.4264648035331703
361,KG-MaNGA-1-83451,8.552936339822917,0.03952584154133939,8.528090071405574,0.0892374534506947,8.491261328481846,0.9622820409821033,8.738531609447229,0.054340557087236216,8.629688693074987,0.06150117955718961,8.718873748636069,0.1289719823125148,9.12269480911619,0.21230333609997137,8.247470086005801,0.1502601282410776,8.327360342081427,0.10581453758469055,8.132236903023262,0.24547224596423126,8.549214950249093,0.13220626624099535,8.60795428268468,0.10822016344464046,8.472542396725064,0.13336884927134612,8.702231904810322,0.07159780439165835,8.793123908441066,0.02290601715243836,8.654545649226831,0.06623465125377845,8.64594106220747,0.07369005325315647,8.69302977619143,0.08610057724519894,8.631801661735198,0.05307060858692716,8.882860672364156,0.8552746383176106,8.732645017874066,0.12907958364399202,8.260698244221624,0.1410480057757816,8.848052897263571,0.21228152652976864,2.5465591920741604,0.6576334104816679,4.6198525264160875,0.39072076305513126,3.3581630222857792,1.2721433186366686,3.140901047902981,0.5390437790833341,8.158858842090536,0.2649275428044177,0.9562049672321914,0.21914325298874676,1.8702270490260269,0.2767998130722027,0.9624019350562366,0.22732495063996463,2.693556577779074,0.5110288210813446
362,KG-SAMI-321146,8.461200606445239,0.10723803247019936,8.442687389793452,0.11117002869217057,8.323725305454701,1.1075955029169777,8.679844517663275,0.10807372855266975,8.486393009677398,0.132320061531719,8.585548976420375,0.1729901165349518,8.672343252557166,0.31487996048059896,8.167656024924614,0.28340673379436077,8.163467558757652,0.30543886093094424,8.105145025347035,0.34260247108617586,8.4939937414088,0.1211845555424793,8.55477852160993,0.12253537988946953,8.486711364950029,0.1534093221667862,8.65580298529109,0.06124623147812891,8.64970161987892,0.1106703449773919,8.545491964783631,0.10912899425850135,8.567380053198033,0.14751137320660232,8.622790870826698,0.12226556231106787,8.720002585669013,0.03548901500653672,9.255401345150563,0.9155486555604291,8.233120070677273,0.39018695024352246,8.15987144980622,0.4361759039767613,8.53268829286385,0.40597649116693635,2.4922255646436784,0.5563300461406677,3.758890290487002,0.7290986189393904,3.1453174276533593,1.0761794335180126,3.0968437449092443,0.4560082345415307,7.219586323918786,0.45486896552524203,1.1862399734159201,0.28584100601120843,1.4235161884757086,0.43575688189331296,1.1937853585693117,0.2224344140829083,3.0157225390676645,0.3048087529511817
363,KG-SAMI-298612,8.485011706668011,0.026103864987230326,8.470823836235382,0.03408202940128007,8.899158353194357,0.16114894546476805,8.581983171739802,0.03220606719203739,8.577251238117004,0.05159971092002537,8.637047195154725,0.05096378228228799,8.898333171235421,0.11442463372147153,8.489527265115207,0.16369085753075185,8.485240495069185,0.15355412602333326,8.41739538475263,0.15371811322848533,8.664205702334433,0.03479481281948399,8.68506326183417,0.042588874928817765,8.661492365415079,0.08278411520677544,8.718183639141728,0.0,8.736260876559477,0.05134741642461291,8.64906522681771,0.033684679776110726,8.681324285911101,0.10161233153020319,8.687382979529062,0.033399637257042473,8.82056236412737,0.014579061921101033,8.963319813276351,0.09483143674004688,8.441031513054913,0.1751986993964398,8.326551347834913,0.15546187827637442,8.49821001428359,0.08521471062286431,2.8919331436035485,0.33164773543453496,3.5878510281162175,0.06354906443042851,3.921846539000125,0.6415480783815594,3.410986029805559,0.27184240609388116,7.548758588288694,0.23590312011565845,0.9038608239608064,0.22774703602411975,0.9664887947234975,0.16336609144900352,0.932683342626371,0.15953940060005242,2.1251374097310998,0.35212033735533277
