tables/tab_OH_FoV.ecsv~
# %ECSV 1.0
# ---
# datatype:
# - {name: KGAS_ID, datatype: string}
# - {name: cubename, datatype: string}
# - {name: OH_Mar13_N2, datatype: float64}
# - {name: e_OH_Mar13_N2, datatype: float64}
# - {name: OH_Mar13_O3N2, datatype: float64}
# - {name: e_OH_Mar13_O3N2, datatype: float64}
# - {name: OH_T04, datatype: float64}
# - {name: e_OH_T04, datatype: float64}
# - {name: OH_Pet04_N2_lin, datatype: float64}
# - {name: e_OH_Pet04_N2_lin, datatype: float64}
# - {name: OH_Pet04_N2_poly, datatype: float64}
# - {name: e_OH_Pet04_N2_poly, datatype: float64}
# - {name: OH_Pet04_O3N2, datatype: float64}
# - {name: e_OH_Pet04_O3N2, datatype: float64}
# - {name: OH_Kew02_N2O2, datatype: float64}
# - {name: e_OH_Kew02_N2O2, datatype: float64}
# - {name: OH_Pil10_ONS, datatype: float64}
# - {name: e_OH_Pil10_ONS, datatype: float64}
# - {name: OH_Pil10_ON, datatype: float64}
# - {name: e_OH_Pil10_ON, datatype: float64}
# - {name: OH_Pil11_NS, datatype: float64}
# - {name: e_OH_Pil11_NS, datatype: float64}
# - {name: OH_Cur20_RS32, datatype: float64}
# - {name: e_OH_Cur20_RS32, datatype: float64}
# - {name: OH_Cur20_R3, datatype: float64}
# - {name: e_OH_Cur20_R3, datatype: float64}
# - {name: OH_Cur20_O3O2, datatype: float64}
# - {name: e_OH_Cur20_O3O2, datatype: float64}
# - {name: OH_Cur20_S2, datatype: float64}
# - {name: e_OH_Cur20_S2, datatype: float64}
# - {name: OH_Cur20_R2, datatype: float64}
# - {name: e_OH_Cur20_R2, datatype: float64}
# - {name: OH_Cur20_N2, datatype: float64}
# - {name: e_OH_Cur20_N2, datatype: float64}
# - {name: OH_Cur20_R23, datatype: float64}
# - {name: e_OH_Cur20_R23, datatype: float64}
# - {name: OH_Cur20_O3N2, datatype: float64}
# - {name: e_OH_Cur20_O3N2, datatype: float64}
# - {name: OH_Cur20_O3S2, datatype: float64}
# - {name: e_OH_Cur20_O3S2, datatype: float64}
# - {name: OH_KK04, datatype: float64}
# - {name: e_OH_KK04, datatype: float64}
# - {name: OH_Pil16_R, datatype: float64}
# - {name: e_OH_Pil16_R, datatype: float64}
# - {name: OH_Pil16_S, datatype: float64}
# - {name: e_OH_Pil16_S, datatype: float64}
# - {name: OH_Ho, datatype: float64}
# - {name: e_OH_Ho, datatype: float64}
# - {name: U_Dors_O32, datatype: float64}
# - {name: e_U_Dors_O32, datatype: float64}
# - {name: U_Dors_S, datatype: float64}
# - {name: e_U_Dors_S, datatype: float64}
# - {name: U_Mor16_O23_fs, datatype: float64}
# - {name: e_U_Mor16_O23_fs, datatype: float64}
# - {name: U_Mor16_O23_ts, datatype: float64}
# - {name: e_U_Mor16_O23_ts, datatype: float64}
# - {name: NH_Pil16_R, datatype: float64}
# - {name: e_NH_Pil16_R, datatype: float64}
# - {name: NO_Pil16_R, datatype: float64}
# - {name: e_NO_Pil16_R, datatype: float64}
# - {name: NO_Pil16_Ho_R, datatype: float64}
# - {name: e_NO_Pil16_Ho_R, datatype: float64}
# - {name: NO_Pil16_N2_R2, datatype: float64}
# - {name: e_NO_Pil16_N2_R2, datatype: float64}
# - {name: Ne_Oster_S, datatype: float64}
# - {name: e_Ne_Oster_S, datatype: float64}
# delimiter: ','
# schema: astropy-2.0
KGAS_ID,cubename,OH_Mar13_N2,e_OH_Mar13_N2,OH_Mar13_O3N2,e_OH_Mar13_O3N2,OH_T04,e_OH_T04,OH_Pet04_N2_lin,e_OH_Pet04_N2_lin,OH_Pet04_N2_poly,e_OH_Pet04_N2_poly,OH_Pet04_O3N2,e_OH_Pet04_O3N2,OH_Kew02_N2O2,e_OH_Kew02_N2O2,OH_Pil10_ONS,e_OH_Pil10_ONS,OH_Pil10_ON,e_OH_Pil10_ON,OH_Pil11_NS,e_OH_Pil11_NS,OH_Cur20_RS32,e_OH_Cur20_RS32,OH_Cur20_R3,e_OH_Cur20_R3,OH_Cur20_O3O2,e_OH_Cur20_O3O2,OH_Cur20_S2,e_OH_Cur20_S2,OH_Cur20_R2,e_OH_Cur20_R2,OH_Cur20_N2,e_OH_Cur20_N2,OH_Cur20_R23,e_OH_Cur20_R23,OH_Cur20_O3N2,e_OH_Cur20_O3N2,OH_Cur20_O3S2,e_OH_Cur20_O3S2,OH_KK04,e_OH_KK04,OH_Pil16_R,e_OH_Pil16_R,OH_Pil16_S,e_OH_Pil16_S,OH_Ho,e_OH_Ho,U_Dors_O32,e_U_Dors_O32,U_Dors_S,e_U_Dors_S,U_Mor16_O23_fs,e_U_Mor16_O23_fs,U_Mor16_O23_ts,e_U_Mor16_O23_ts,NH_Pil16_R,e_NH_Pil16_R,NO_Pil16_R,e_NO_Pil16_R,NO_Pil16_Ho_R,e_NO_Pil16_Ho_R,NO_Pil16_N2_R2,e_NO_Pil16_N2_R2,Ne_Oster_S,e_Ne_Oster_S
[from data line 369]
365,KG-SAMI-229163,8.557544858489386,0.04346229743779216,8.531992484441426,0.0816540230780304,8.487383419265921,1.1576928716137713,9.225795345097879,0.049518681294864086,8.686819601595275,0.07308099851802935,8.720752102507937,0.12065499404693371,8.926259215853701,0.20963751248553442,8.479840819218198,0.11607468931085423,8.41571009373625,0.12829621959232929,8.427950737737403,0.129320782270901,8.644387370484448,0.0996286724572935,8.64997218377043,0.09457846532255171,8.601817147872099,0.13148581230795595,8.755106391399815,0.047030759764306186,8.74460725046337,0.04199700722704349,8.696982473047266,0.05534108073471552,8.660392249171744,0.08501493693108907,8.709876421806493,0.07268068721731115,8.698463541264289,0.046717707760394724,32.42263051895847,2.279073534949652,31.27772457000172,0.17775273808504183,8.535755090275156,0.16963453771955678,8.79612623872743,0.17070940785325073,3.01734259748477,0.6551030751209012,3.5683151801957425,0.4645617630737451,4.197145756566275,1.26724857154535,3.5303041817793024,0.5369697337056568,7.693717035667351,0.39881198065708456,1.0796279852892974,0.32126556751536417,1.4320788708714127,0.2916041086032119,1.0433091164503725,0.20105328584475193,2.9187425091891273,0.4235996437397343
366,KG-SAMI-252021,8.513272823541508,0.059997443060503905,8.511807793113121,0.08571576105208475,8.45747110354567,0.9369599871081076,8.832540263899197,0.07143013666795686,8.606777267186288,0.09832331518980407,8.688239493578713,0.12827540707083881,inf,0.23406375681765101,8.347060307933322,0.13369831628296744,8.284832431575264,0.13858988351863052,8.26616957557527,0.1747567229333771,8.62154323585426,0.10009825065122517,8.641363425202739,0.09267626461734374,8.622292367129669,0.11745125885893534,8.702404863290695,0.04463916278939032,8.722814023602009,0.05071937342270043,8.647373471269093,0.07095779095566826,8.638665045943386,0.0855615332172185,8.683496551019752,0.0851647173762495,8.709357647840285,0.030140326053405504,11.184710262209528,1.0304901259504897,inf,0.2045100073249478,8.345106325423073,0.20970527830439856,8.566241620663856,0.17696746781584,inf,0.610334263904316,3.860085246671159,0.49255567830461955,4.367981028459005,1.1806466088640868,3.607868375098578,0.5002739868068165,inf,0.3842639086218179,1.2916971242046058,0.2964645966082571,1.5257064916763385,0.29380257503419777,1.182990373272208,0.1905052439959632,2.8605701427198267,0.3569282094627553
367,KG-SAMI-252005,8.520627942006403,0.05485833481201838,8.524095996906919,0.08315506826001189,9.061460469251346,1.0105928991739517,9.788866398958273,0.06452991749105765,8.629605879536555,0.09381646167165876,8.708808605206766,0.12311378193447257,8.850063190374028,0.2334006446071305,8.447065274498726,0.1278825783228139,8.376968334870297,0.14375616135371502,8.373152216016287,0.15898171610831374,8.65771622938651,0.09183009057110629,8.665680592096862,0.08477373070093296,8.600590196809044,0.13161545240364986,8.731268217714552,0.055865556809694975,8.728011523722682,0.0490807535073472,8.666276984518754,0.06618161400217129,8.647018421767081,0.08699600001145383,8.70175719722808,0.0758738349046228,8.72259774880438,0.03998324037842028,9.295186154643469,0.6294541946730637,8.677757526850737,0.1944937200267035,8.427551605947334,0.20299592661958743,8.624914193828587,0.1662619225183705,3.0459044106923545,0.6647509010421979,3.5716230010306833,0.44646898297353094,4.258113552922273,1.2859115790652353,3.550210846493795,0.5448777877395066,7.435537879260576,0.4338876637853402,1.229990719499888,0.33529936683618417,1.4240731620615708,0.2828566669141399,1.068668697316757,0.21117852860374176,2.8862466948384133,0.4101498695855547
368,KG-SAMI-240227,8.558914928617504,0.02582551625019251,8.554229804551639,0.05574958452895391,9.00271552131242,0.5070360819772984,9.153831038564396,0.027882729051777928,8.728412263683222,0.052595307169457935,8.758263961512348,0.08084658806936044,9.062252288568372,0.15023115662959902,8.598714230481301,0.11406079503113577,8.565994875334589,0.11168339270753246,8.507078789690718,0.08436927735265332,8.72256881886166,0.0512239027768516,8.722798625078452,0.05261958580758556,8.614727134422797,0.11945021779924685,8.753951634616703,0.03538834888196196,8.771603421325748,0.03737225152258997,8.742073891196618,0.03695521482218757,8.722127697324268,0.06675015096141276,8.750674451174506,0.04144353430140627,8.73778852639417,0.031046950366626018,10.06664443554626,0.26541496728541936,8.618387720762136,0.1250993705652376,8.52646936431568,0.13504406589841192,8.743364699365403,0.1211387718470474,2.936182537018021,0.5548485315830025,3.371834844687104,0.1333428110892232,4.038889584479787,1.0733135528982671,3.4545693601379734,0.4547938783467234,7.939540048649705,0.3328678131844854,0.8058412172190397,0.2837021545920188,1.010625065777363,0.21881850803177313,0.793767226895293,0.1808763481177617,2.34910081240886,0.4134505760725908
369,KG-SAMI-229167,8.549566568806066,0.03346457369053765,8.504727752584678,0.05176689748910522,8.695443141956055,0.8057043524596056,9.088472598506915,0.03862652317847094,8.69763893306399,0.06325200582932167,8.684206261462954,0.07728524747774147,8.948192449683111,0.14506831942970397,8.479948222844076,0.09431294819848539,8.449220852927345,0.10536059757975233,8.399759583737827,0.09356884498317948,8.64473883529363,0.05986671137941097,8.663525187707787,0.059570309597499316,8.63132906966028,0.09078162518835568,8.715005074438244,0.023442325585511632,8.752818139109891,0.04467108196933557,8.717396926759642,0.045958198417531605,8.68286565198774,0.07965464919976778,8.705571972396328,0.04831469508969339,8.765136099280754,0.02376610610731207,10.396410821878597,0.9553054385308645,11.442668378609188,0.15830424159532624,8.497961822259109,0.14966450137069698,8.687929021456798,0.12237188289109716,2.936404824149208,0.4193775605858318,3.645851777563584,0.19743877886588476,4.028510573054897,0.8112549532643959,3.473197216222794,0.34375209884084573,7.714759727995239,0.3070253836176271,1.0096932704782522,0.25989024565573465,1.1847845039064888,0.22599009100324133,0.988703308395127,0.16284565378946006,2.4779154550271776,0.38729573168540393
370,KG-MaNGA-1-40883,8.441352373445863,0.07953818498227494,8.436346801676034,0.08097097354870447,8.565874925559571,0.9510236261571631,9.09603232756598,0.10814197644352973,8.473970111341318,0.12668952832850872,8.577631101896152,0.12148376991861315,8.715704940967884,0.23223921839658693,8.236245323585107,0.19765813049520745,8.175496606901909,0.2572650828612491,8.16128126565013,0.2554394068556556,8.54530160113782,0.11055726454665188,8.574631346206802,0.09116962233690126,8.580663191737585,0.09875373772213025,8.691470625159814,0.06527526675532425,8.695921688280265,0.06520586165022545,8.542392311775204,0.10401974151502197,8.575734501059914,0.10680807856248632,8.613411241043202,0.08536665101692799,8.70281463827261,0.043413377433667306,47.22120425804521,5.121549300754412,67.25265581749512,0.3011171554223844,8.274521575486784,0.2432633224221646,8.472885575868206,0.2564029642790343,2.7707135240489404,0.4392131434612202,3.741754795174073,0.5558863506365692,3.7207923576947985,0.8496254250561307,3.331365642339828,0.360010773328869,7.1130884068308236,0.48391356236011024,1.4350994792389478,0.38074177610704185,1.666074198517647,0.3406636714469319,1.242550070210375,0.17007068404294032,3.0455341252124506,0.3827062150961235
371,KG-MaNGA-1-41260,8.395281998608395,0.08272234276660792,8.393168724072552,0.06460005136323463,8.417032923442383,0.7802824939316441,8.676096885346649,0.1228856167234689,8.418435712953896,0.13418513275427388,8.511308877054821,0.10182305765290732,8.666432791589838,0.23282851897030246,8.18813201318108,0.21517370023419224,8.101225949084789,0.28861768843740726,8.100884344851767,0.2878972486623938,8.587101364274442,0.08139146188160284,8.590822633483485,0.0741159649157449,8.609611860105879,0.0859594610869143,8.669630886524335,0.08512165113543556,8.675790011805313,0.07576312951078627,8.505925551633199,0.11750099054169826,8.577385818751445,0.11564860897455459,8.569273953828622,0.08724028576634268,8.714141871161624,0.048309681312108305,9.57633023233727,1.0121078410380713,9.64782631143595,0.303850111573543,8.130601633391064,0.25659720443087597,8.34404282800983,0.23957162650802546,2.856251657837276,0.40092184009261045,3.4515708193731762,0.36799442690386464,3.872910334869905,0.7755537234578365,3.404039014942368,0.32862445909230364,6.955356973626609,0.4650062631094266,1.3319110627713528,0.3766808556791031,1.6229859498729635,0.36188186035182235,1.271724221427595,0.1648731681433958,2.935639920468299,0.40194038227751977
372,KG-MaNGA-1-41133,8.428811045946096,0.0569571909336655,8.485940939656457,0.07132211201338297,8.844226183880728,0.5056788447704806,8.645001117765329,0.08205919650485823,8.476300527061197,0.0910312836850114,8.648817232038148,0.11017996428186813,8.84824989927095,0.18450960370003494,8.225826309635433,0.15657324340505663,8.179839030294636,0.17254786467634275,8.108496573521625,0.19555079320857618,8.620492792589705,0.08588856989279454,8.651543047754128,0.07367170298949781,8.620149134074568,0.09941847236139298,8.695309090506345,0.03073014025244571,8.714355154318763,0.055415969508159045,8.550736205264558,0.07742644040898009,8.65717847154499,0.07264630187560839,8.658274746908322,0.07854578085497924,8.70628613992558,0.019332177156065816,9.442619883260319,0.41318079811819314,8.49515532541286,0.1953619141063022,8.251409848650646,0.17681263338056427,8.468195649880688,0.11474492174659984,2.9493199033465216,0.49678730036723207,3.865096252120947,0.3846895048993237,4.063884685374674,0.9609983843169408,3.5033263433029984,0.4072027052190427,7.3773111992456535,0.27107067882517694,1.244648604809085,0.2192840543448426,1.4367340991954651,0.1851316009486812,1.0795322689266602,0.1332909055612437,2.898548700963244,0.3726355220278518
373,KG-MaNGA-1-601909,8.475624349174675,0.06371234902925116,8.45243247940087,0.06516366356112929,8.459239216143773,0.8749978243127609,8.818334552834967,0.08621028037560799,8.552178972482396,0.11036814720740946,8.603324344509202,0.0991576215548578,8.789903303712132,0.199587677775218,8.328586274603046,0.18892527313545102,8.27923033251812,0.2138792534698271,8.27284928168686,0.22155662556370173,8.61472725545135,0.08279908365040367,8.627069074676001,0.0764594697397732,8.638022805715554,0.08692589670213165,8.694175274740099,0.05981920627161343,8.710326604093991,0.05561906872013927,8.613186395308905,0.08514956345971653,8.617441180420279,0.10054247868395978,8.64297493249796,0.07046263723715268,8.704124799221939,0.04656586734002064,10.080277020370326,0.9745696092617172,10.099767551078882,0.24024937690010925,8.298594848504901,0.19843904258279,8.524446382521546,0.19002086215876082,2.9716583811600024,0.426448760254879,3.5895593312032474,0.31694564033974126,4.09291833339862,0.8249336673782903,3.4911033377670027,0.34954816414334344,7.242444354831661,0.4029975340108908,1.2236934034911573,0.32499064746973677,1.4999926530207093,0.34600783738557767,1.1864121696934011,0.17223241103434953,2.884459798004243,0.36406380413986195
374,KG-MaNGA-1-40796,8.42892103819141,0.060634130633418944,8.426045922981455,0.05821953520345858,8.720098246217898,0.8255662763375078,9.213199912125544,0.08675867585184445,8.465834907873745,0.09957263590421235,8.563904185017044,0.0892059462962739,8.735304385000735,0.1854077106662944,8.267901789214092,0.16684180262885734,8.223386063538543,0.196827227156337,8.192583285005687,0.19778959988397263,8.602955227608923,0.0707978302011861,8.613973409970408,0.06366236322695223,8.625813900470627,0.07511928026230846,8.688029560615316,0.04914852041477894,8.693822552577867,0.05261391671119209,8.550212030188572,0.08531417439899858,8.615555559933819,0.09005383432647966,8.61239699975154,0.06974030921182434,8.734040402937026,0.03442917620483033,17.61353056701289,1.1475898089001817,14.023357035509912,0.21492168012165774,8.286383013692149,0.1755578589606373,8.431188629837639,0.1627167280545385,2.910098079560183,0.380111384399986,3.5849087200529945,0.33099876057104205,3.9754115612056347,0.7352974321180055,3.464785792690724,0.3115667085245787,7.122270328239108,0.32019467546671787,1.3535103758225202,0.26011511829896883,1.6850337070572792,0.2655837909413825,1.2372015355485582,0.1351073350253088,2.9297882451130017,0.3223487579343863
375,KG-MaNGA-1-41030,8.454837672908207,0.0554273252777292,8.448339811650508,0.061186551351394336,8.715300339654478,0.7019686296880734,9.300171644273425,0.06798291447572255,8.501904246529124,0.08569844199583095,8.597766086849495,0.09230230616026866,8.8061340213886,0.16498041690368542,8.29474745002121,0.15451256792505508,8.254462988190976,0.2012236273284898,8.213443464081001,0.212139533868189,8.575793035617341,0.07575653166063705,8.601661079885771,0.06742796712917046,8.599788263085571,0.08042005759175393,8.70691909141461,0.041966393430529186,8.695018364676557,0.045427446413416825,8.577106492089156,0.06483378975917654,8.604716974649495,0.08899119925977743,8.63268534222936,0.062136499845783684,8.762993814402236,0.025403324982585653,9.161535840256537,0.5988347001000622,9.242825539124665,0.19513346590385958,8.301116151734524,0.16452345413176475,8.49417332461537,0.14851587080003387,2.7897095129550653,0.3610931479828958,3.819285098626906,0.39515337555901503,3.7574096817918594,0.6985080567537986,3.358614418101132,0.2959779901499146,7.370927097863832,0.2974463499578304,1.153088124260978,0.22546628482967643,1.2989043890596363,0.19762950527802148,1.1388407786298114,0.13684685551908182,2.9373274753755605,0.3266786038512889
376,KG-MaNGA-1-39946,8.382343751697173,0.06297812220364461,8.412939024668594,0.06603298939074392,8.809486455430953,0.45089104179490447,8.588102890429495,0.09519892311726778,8.392729809106829,0.10150215434285048,8.538465149569967,0.10189133878292587,8.724740590407784,0.20157037950890994,8.171148322270682,0.15709240127228033,8.087553935476302,0.21117362490418987,8.040915001444443,0.21753761667265034,8.587628128808836,0.07948943944443922,8.596209186499623,0.07440592819147444,8.588453659597896,0.0933454887779482,8.687213600196138,0.0586784339159013,8.684459913440632,0.06988110148004084,8.48429119547454,0.08846557095893721,8.6043407281471,0.09974614534938861,8.58210287506421,0.08123514834888362,8.729011831540497,0.0318890974192975,10.1233074476603,0.756184545769652,12.21680025390867,0.22969643775276444,8.207871496773645,0.20608685234121793,8.305423889159774,0.156964099129326,2.7670019947350815,0.4242902265272697,3.6479607304986175,0.423679852096205,3.7076760557111705,0.820758143118325,3.3502396439648,0.3477788742026801,7.065039868067733,0.3289149383628868,1.3360965845373838,0.2614462220793734,1.4788126151026693,0.20832191432787459,1.188630267946765,0.1297524616093763,2.927583689522991,0.35435526888441704
